240 53 9600
0 0 0
1 0 0
2 0 0
3 0 0
4 0 0
5 0 0
6 0 1
7 0 1
8 0 0
9 0 0
10 0 0
11 0 0
12 0 0
13 0 0
14 0 0
15 0 1
16 0 1
17 0 1
18 0 0
19 0 1
20 0 1
21 0 1
22 0 0
23 0 0
24 0 0
25 0 0
26 0 0
27 0 1
28 0 0
29 0 0
30 0 0
31 0 1
32 0 1
33 0 1
34 0 1
35 0 0
36 0 0
37 0 0
38 0 1
39 0 0
0 1 0
1 1 0
2 1 0
3 1 1
4 1 1
5 1 1
6 1 1
7 1 0
8 1 0
9 1 0
10 1 0
11 1 1
12 1 0
13 1 1
14 1 1
15 1 0
16 1 0
17 1 1
18 1 0
19 1 0
20 1 0
21 1 0
22 1 0
23 1 0
24 1 0
25 1 0
26 1 0
27 1 1
28 1 1
29 1 1
30 1 0
31 1 1
32 1 1
33 1 1
34 1 0
35 1 0
36 1 0
37 1 1
38 1 0
39 1 0
0 2 1
1 2 1
2 2 0
3 2 0
4 2 1
5 2 1
6 2 0
7 2 1
8 2 0
9 2 1
10 2 1
11 2 1
12 2 0
13 2 0
14 2 0
15 2 1
16 2 1
17 2 1
18 2 1
19 2 0
20 2 1
21 2 1
22 2 0
23 2 0
24 2 0
25 2 1
26 2 0
27 2 1
28 2 0
29 2 1
30 2 0
31 2 1
32 2 0
33 2 1
34 2 1
35 2 1
36 2 0
37 2 1
38 2 1
39 2 1
0 3 0
1 3 1
2 3 0
3 3 1
4 3 1
5 3 1
6 3 1
7 3 1
8 3 0
9 3 1
10 3 1
11 3 1
12 3 0
13 3 1
14 3 1
15 3 1
16 3 0
17 3 1
18 3 0
19 3 0
20 3 0
21 3 0
22 3 0
23 3 0
24 3 0
25 3 0
26 3 0
27 3 1
28 3 1
29 3 1
30 3 0
31 3 1
32 3 1
33 3 1
34 3 0
35 3 1
36 3 0
37 3 1
38 3 0
39 3 0
0 4 1
1 4 1
2 4 0
3 4 1
4 4 1
5 4 1
6 4 1
7 4 1
8 4 0
9 4 1
10 4 1
11 4 1
12 4 0
13 4 1
14 4 1
15 4 1
16 4 1
17 4 1
18 4 1
19 4 0
20 4 1
21 4 0
22 4 0
23 4 0
24 4 0
25 4 1
26 4 0
27 4 1
28 4 1
29 4 1
30 4 0
31 4 1
32 4 1
33 4 1
34 4 1
35 4 1
36 4 0
37 4 1
38 4 1
39 4 1
0 5 1
1 5 1
2 5 0
3 5 1
4 5 1
5 5 1
6 5 1
7 5 1
8 5 0
9 5 1
10 5 1
11 5 1
12 5 0
13 5 1
14 5 1
15 5 1
16 5 1
17 5 1
18 5 1
19 5 1
20 5 1
21 5 1
22 5 0
23 5 0
24 5 0
25 5 1
26 5 0
27 5 1
28 5 1
29 5 1
30 5 0
31 5 1
32 5 1
33 5 1
34 5 1
35 5 1
36 5 0
37 5 1
38 5 1
39 5 1
0 6 0
1 6 1
2 6 0
3 6 1
4 6 0
5 6 1
6 6 1
7 6 1
8 6 0
9 6 1
10 6 1
11 6 1
12 6 0
13 6 1
14 6 1
15 6 1
16 6 0
17 6 1
18 6 1
19 6 0
20 6 0
21 6 0
22 6 0
23 6 0
24 6 0
25 6 0
26 6 0
27 6 1
28 6 1
29 6 1
30 6 0
31 6 1
32 6 1
33 6 1
34 6 1
35 6 1
36 6 0
37 6 0
38 6 0
39 6 0
0 7 0
1 7 0
2 7 0
3 7 1
4 7 1
5 7 1
6 7 1
7 7 0
8 7 0
9 7 0
10 7 1
11 7 1
12 7 0
13 7 1
14 7 1
15 7 0
16 7 0
17 7 1
18 7 0
19 7 0
20 7 0
21 7 0
22 7 0
23 7 0
24 7 0
25 7 0
26 7 0
27 7 1
28 7 1
29 7 1
30 7 0
31 7 1
32 7 1
33 7 1
34 7 0
35 7 0
36 7 0
37 7 1
38 7 0
39 7 0
0 8 0
1 8 1
2 8 0
3 8 0
4 8 1
5 8 1
6 8 1
7 8 1
8 8 0
9 8 1
10 8 0
11 8 1
12 8 0
13 8 0
14 8 0
15 8 0
16 8 0
17 8 1
18 8 0
19 8 0
20 8 0
21 8 0
22 8 0
23 8 0
24 8 0
25 8 1
26 8 0
27 8 1
28 8 0
29 8 1
30 8 0
31 8 1
32 8 1
33 8 1
34 8 1
35 8 1
36 8 0
37 8 0
38 8 1
39 8 0
0 9 1
1 9 1
2 9 0
3 9 1
4 9 1
5 9 1
6 9 1
7 9 1
8 9 1
9 9 1
10 9 1
11 9 1
12 9 0
13 9 1
14 9 1
15 9 1
16 9 1
17 9 1
18 9 1
19 9 1
20 9 1
21 9 1
22 9 0
23 9 0
24 9 0
25 9 1
26 9 0
27 9 1
28 9 1
29 9 1
30 9 0
31 9 1
32 9 1
33 9 1
34 9 1
35 9 1
36 9 0
37 9 1
38 9 1
39 9 1
0 10 1
1 10 1
2 10 0
3 10 1
4 10 1
5 10 1
6 10 1
7 10 1
8 10 1
9 10 1
10 10 1
11 10 1
12 10 0
13 10 1
14 10 1
15 10 1
16 10 1
17 10 1
18 10 1
19 10 0
20 10 1
21 10 0
22 10 0
23 10 0
24 10 0
25 10 1
26 10 0
27 10 1
28 10 1
29 10 1
30 10 0
31 10 1
32 10 1
33 10 1
34 10 1
35 10 1
36 10 0
37 10 1
38 10 1
39 10 1
0 11 1
1 11 1
2 11 0
3 11 1
4 11 1
5 11 1
6 11 1
7 11 1
8 11 0
9 11 1
10 11 1
11 11 1
12 11 0
13 11 1
14 11 1
15 11 1
16 11 1
17 11 1
18 11 1
19 11 0
20 11 1
21 11 1
22 11 0
23 11 0
24 11 0
25 11 1
26 11 0
27 11 1
28 11 0
29 11 1
30 11 0
31 11 1
32 11 1
33 11 1
34 11 1
35 11 1
36 11 0
37 11 1
38 11 1
39 11 1
0 12 1
1 12 1
2 12 0
3 12 0
4 12 1
5 12 1
6 12 1
7 12 1
8 12 0
9 12 1
10 12 1
11 12 1
12 12 0
13 12 1
14 12 1
15 12 1
16 12 0
17 12 1
18 12 0
19 12 1
20 12 0
21 12 1
22 12 0
23 12 0
24 12 0
25 12 1
26 12 0
27 12 1
28 12 1
29 12 1
30 12 0
31 12 1
32 12 1
33 12 0
34 12 1
35 12 1
36 12 0
37 12 1
38 12 1
39 12 1
0 13 1
1 13 1
2 13 0
3 13 1
4 13 1
5 13 1
6 13 1
7 13 1
8 13 1
9 13 1
10 13 1
11 13 1
12 13 0
13 13 1
14 13 1
15 13 1
16 13 1
17 13 1
18 13 1
19 13 1
20 13 1
21 13 1
22 13 0
23 13 0
24 13 0
25 13 1
26 13 0
27 13 1
28 13 1
29 13 1
30 13 0
31 13 1
32 13 1
33 13 1
34 13 1
35 13 1
36 13 0
37 13 1
38 13 1
39 13 1
0 14 1
1 14 1
2 14 0
3 14 0
4 14 1
5 14 1
6 14 1
7 14 1
8 14 0
9 14 1
10 14 1
11 14 1
12 14 0
13 14 0
14 14 1
15 14 1
16 14 0
17 14 1
18 14 1
19 14 0
20 14 1
21 14 1
22 14 0
23 14 0
24 14 0
25 14 1
26 14 0
27 14 1
28 14 0
29 14 1
30 14 0
31 14 1
32 14 1
33 14 1
34 14 1
35 14 1
36 14 0
37 14 1
38 14 1
39 14 1
0 15 0
1 15 1
2 15 0
3 15 0
4 15 0
5 15 1
6 15 1
7 15 0
8 15 0
9 15 0
10 15 1
11 15 1
12 15 0
13 15 1
14 15 0
15 15 0
16 15 0
17 15 1
18 15 0
19 15 0
20 15 0
21 15 0
22 15 0
23 15 0
24 15 0
25 15 0
26 15 0
27 15 1
28 15 0
29 15 1
30 15 0
31 15 1
32 15 1
33 15 1
34 15 0
35 15 0
36 15 0
37 15 0
38 15 0
39 15 0
0 16 0
1 16 1
2 16 0
3 16 0
4 16 0
5 16 0
6 16 0
7 16 1
8 16 0
9 16 0
10 16 0
11 16 0
12 16 0
13 16 0
14 16 0
15 16 0
16 16 0
17 16 0
18 16 0
19 16 0
20 16 0
21 16 0
22 16 0
23 16 0
24 16 0
25 16 0
26 16 0
27 16 0
28 16 0
29 16 0
30 16 0
31 16 0
32 16 0
33 16 0
34 16 0
35 16 0
36 16 0
37 16 0
38 16 1
39 16 1
0 17 0
1 17 0
2 17 0
3 17 0
4 17 0
6 17 1
7 17 0
5 17 0
8 17 0
10 17 0
11 17 0
9 17 0
12 17 0
13 17 0
14 17 0
15 17 0
16 17 0
17 17 0
19 17 0
20 17 0
21 17 0
18 17 0
27 17 0
23 17 0
28 17 0
22 17 0
26 17 0
25 17 0
30 17 0
24 17 0
29 17 0
34 17 0
32 17 1
36 17 0
31 17 0
33 17 1
35 17 0
38 17 0
39 17 0
37 17 0
0 18 1
1 18 1
2 18 0
3 18 0
4 18 1
5 18 1
6 18 1
7 18 1
8 18 0
9 18 1
10 18 1
11 18 1
12 18 0
13 18 1
14 18 1
15 18 1
16 18 1
17 18 1
18 18 1
19 18 1
20 18 1
21 18 1
22 18 0
23 18 0
24 18 0
25 18 1
26 18 0
27 18 1
28 18 0
29 18 1
30 18 0
31 18 1
32 18 1
33 18 0
34 18 1
35 18 1
36 18 0
37 18 1
38 18 1
39 18 1
0 19 0
1 19 1
2 19 0
3 19 1
4 19 1
5 19 1
6 19 1
7 19 0
8 19 0
9 19 0
10 19 1
11 19 1
12 19 0
13 19 1
14 19 1
15 19 0
16 19 0
17 19 1
18 19 0
19 19 0
20 19 0
21 19 0
22 19 0
23 19 0
24 19 0
25 19 1
26 19 0
27 19 1
28 19 0
29 19 1
30 19 0
31 19 1
32 19 1
33 19 1
34 19 1
35 19 0
36 19 0
37 19 1
38 19 0
39 19 0
0 20 0
1 20 1
2 20 0
3 20 0
4 20 1
5 20 0
6 20 0
7 20 0
8 20 0
9 20 0
10 20 0
11 20 1
12 20 0
13 20 1
14 20 1
15 20 0
16 20 0
17 20 1
18 20 0
19 20 0
20 20 0
21 20 1
22 20 1
23 20 0
24 20 0
25 20 0
26 20 0
27 20 0
28 20 1
29 20 1
30 20 0
31 20 1
32 20 0
33 20 0
34 20 0
35 20 0
36 20 0
37 20 1
38 20 0
39 20 0
0 21 0
1 21 0
2 21 0
3 21 1
4 21 1
6 21 1
7 21 0
5 21 1
8 21 0
10 21 1
11 21 1
9 21 0
12 21 0
13 21 1
14 21 1
15 21 0
16 21 0
17 21 1
19 21 0
20 21 0
21 21 0
18 21 0
27 21 1
23 21 0
28 21 1
22 21 0
26 21 0
25 21 0
30 21 0
24 21 0
29 21 1
34 21 0
32 21 1
36 21 0
31 21 1
33 21 1
35 21 0
38 21 0
39 21 0
37 21 1
0 22 0
1 22 1
2 22 0
3 22 1
4 22 1
5 22 1
6 22 1
7 22 1
8 22 0
9 22 1
10 22 1
11 22 1
12 22 0
13 22 1
14 22 1
15 22 1
16 22 1
17 22 1
18 22 1
19 22 0
20 22 1
21 22 1
22 22 0
23 22 0
24 22 0
25 22 1
26 22 0
27 22 1
28 22 0
29 22 1
30 22 0
31 22 1
32 22 1
33 22 1
34 22 1
35 22 1
36 22 0
37 22 0
38 22 1
39 22 1
0 23 0
1 23 0
2 23 0
3 23 1
4 23 1
5 23 1
6 23 1
7 23 0
8 23 0
9 23 1
10 23 1
11 23 1
12 23 0
13 23 1
14 23 1
15 23 1
16 23 0
17 23 1
18 23 1
19 23 0
20 23 0
21 23 0
22 23 0
23 23 0
24 23 0
25 23 1
26 23 0
27 23 1
28 23 1
29 23 1
30 23 0
31 23 1
32 23 1
33 23 1
34 23 1
35 23 1
36 23 0
37 23 1
38 23 0
39 23 0
0 24 1
1 24 1
2 24 0
3 24 0
4 24 1
5 24 1
6 24 1
7 24 1
8 24 0
9 24 1
10 24 1
11 24 1
12 24 0
13 24 0
14 24 1
15 24 1
16 24 1
17 24 1
18 24 1
19 24 1
20 24 1
21 24 1
22 24 0
23 24 0
24 24 0
25 24 1
26 24 0
27 24 1
28 24 1
29 24 1
30 24 0
31 24 1
32 24 0
33 24 1
34 24 1
35 24 1
36 24 0
37 24 1
38 24 1
39 24 1
0 25 1
1 25 1
2 25 0
3 25 0
4 25 1
5 25 1
6 25 1
7 25 1
8 25 0
9 25 1
10 25 1
11 25 1
12 25 0
13 25 1
14 25 1
15 25 1
16 25 1
17 25 1
18 25 1
19 25 0
20 25 1
21 25 1
22 25 0
23 25 0
24 25 0
25 25 1
26 25 0
27 25 1
28 25 0
29 25 1
30 25 0
31 25 1
32 25 1
33 25 1
34 25 1
35 25 1
36 25 0
37 25 1
38 25 1
39 25 1
0 26 1
1 26 1
2 26 0
3 26 1
4 26 1
5 26 1
6 26 1
7 26 1
8 26 1
9 26 1
10 26 1
11 26 1
12 26 0
13 26 1
14 26 1
15 26 1
16 26 1
17 26 1
18 26 1
19 26 1
20 26 1
21 26 1
22 26 0
23 26 0
24 26 0
25 26 1
26 26 0
27 26 1
28 26 1
29 26 1
30 26 0
31 26 1
32 26 1
33 26 1
34 26 1
35 26 1
36 26 0
37 26 1
38 26 1
39 26 1
0 27 0
1 27 1
2 27 0
3 27 1
4 27 1
5 27 1
6 27 1
7 27 1
8 27 0
9 27 1
10 27 1
11 27 1
12 27 0
13 27 1
14 27 1
15 27 1
16 27 0
17 27 1
18 27 1
19 27 0
20 27 0
21 27 0
22 27 0
23 27 0
24 27 0
25 27 1
26 27 0
27 27 1
28 27 1
29 27 1
30 27 0
31 27 1
32 27 1
33 27 1
34 27 1
35 27 1
36 27 0
37 27 1
38 27 0
39 27 0
0 28 1
1 28 0
2 28 0
3 28 0
4 28 1
5 28 1
6 28 0
7 28 1
8 28 0
9 28 0
10 28 1
11 28 0
12 28 0
13 28 0
14 28 0
15 28 0
16 28 0
17 28 1
18 28 1
19 28 0
20 28 0
21 28 0
22 28 0
23 28 0
24 28 0
25 28 0
26 28 0
27 28 1
28 28 0
29 28 0
30 28 0
31 28 0
32 28 1
33 28 0
34 28 0
35 28 0
36 28 0
37 28 0
38 28 0
39 28 0
0 29 0
1 29 1
2 29 0
3 29 0
4 29 1
5 29 1
6 29 1
7 29 1
8 29 0
9 29 1
10 29 1
11 29 1
12 29 0
13 29 1
14 29 1
15 29 0
16 29 1
17 29 1
18 29 0
19 29 0
20 29 1
21 29 0
22 29 0
23 29 0
24 29 0
25 29 1
26 29 0
27 29 1
28 29 0
29 29 1
30 29 0
31 29 1
32 29 1
33 29 1
34 29 0
35 29 1
36 29 0
37 29 1
38 29 1
39 29 0
0 30 0
1 30 0
2 30 0
3 30 0
4 30 1
5 30 1
6 30 0
7 30 1
8 30 0
9 30 1
10 30 0
11 30 1
12 30 0
13 30 0
14 30 1
15 30 1
16 30 0
17 30 0
18 30 0
19 30 0
20 30 1
21 30 0
22 30 0
23 30 0
24 30 0
25 30 1
26 30 0
27 30 1
28 30 0
29 30 0
30 30 0
31 30 0
32 30 1
33 30 0
34 30 0
35 30 1
36 30 0
37 30 0
38 30 0
39 30 1
0 31 0
1 31 0
2 31 0
3 31 0
4 31 0
5 31 1
6 31 1
7 31 0
8 31 0
9 31 0
10 31 1
11 31 1
12 31 0
13 31 1
14 31 0
15 31 0
16 31 0
17 31 1
18 31 1
19 31 0
20 31 0
21 31 0
22 31 0
23 31 0
24 31 0
25 31 1
26 31 0
27 31 1
28 31 1
29 31 1
30 31 0
31 31 0
32 31 1
33 31 1
34 31 0
35 31 0
36 31 0
37 31 1
38 31 0
39 31 0
0 32 0
1 32 1
2 32 0
3 32 1
4 32 1
5 32 1
6 32 1
7 32 0
8 32 0
9 32 0
10 32 1
11 32 1
12 32 0
13 32 1
14 32 1
15 32 0
16 32 0
17 32 1
18 32 0
19 32 0
20 32 0
21 32 0
22 32 0
23 32 0
24 32 0
25 32 0
26 32 0
27 32 1
28 32 1
29 32 1
30 32 0
31 32 1
32 32 1
33 32 1
34 32 1
35 32 0
36 32 0
37 32 1
38 32 0
39 32 0
0 33 0
1 33 1
2 33 0
3 33 0
4 33 1
5 33 1
6 33 1
7 33 1
8 33 0
9 33 0
10 33 1
11 33 1
12 33 0
13 33 0
14 33 1
15 33 0
16 33 0
17 33 1
18 33 0
19 33 0
20 33 0
21 33 1
22 33 0
23 33 0
24 33 0
25 33 1
26 33 0
27 33 1
28 33 0
29 33 1
30 33 0
31 33 1
32 33 1
33 33 0
34 33 0
35 33 1
36 33 0
37 33 1
38 33 0
39 33 0
0 34 0
1 34 1
2 34 0
3 34 1
4 34 1
5 34 1
6 34 1
7 34 1
8 34 0
9 34 0
10 34 1
11 34 1
12 34 0
13 34 1
14 34 0
15 34 1
16 34 0
17 34 1
18 34 1
19 34 0
20 34 0
21 34 0
22 34 0
23 34 0
24 34 0
25 34 1
26 34 0
27 34 1
28 34 1
29 34 1
30 34 0
31 34 1
32 34 1
33 34 1
34 34 1
35 34 1
36 34 0
37 34 1
38 34 0
39 34 0
0 35 1
1 35 1
2 35 0
3 35 0
4 35 1
5 35 0
6 35 1
7 35 1
8 35 0
9 35 1
10 35 1
11 35 1
12 35 0
13 35 1
14 35 1
15 35 1
16 35 1
17 35 1
18 35 1
19 35 1
20 35 1
21 35 1
22 35 0
23 35 0
24 35 0
25 35 1
26 35 0
27 35 1
28 35 1
29 35 1
30 35 0
31 35 1
32 35 1
33 35 1
34 35 1
35 35 1
36 35 0
37 35 1
38 35 1
39 35 1
0 36 0
1 36 0
2 36 0
3 36 0
4 36 0
5 36 0
6 36 0
7 36 1
8 36 0
9 36 1
10 36 0
11 36 0
12 36 0
13 36 0
14 36 0
15 36 1
16 36 0
17 36 0
18 36 1
19 36 0
20 36 0
21 36 0
22 36 0
23 36 0
24 36 0
25 36 1
26 36 0
27 36 0
28 36 0
29 36 0
30 36 0
31 36 0
32 36 0
33 36 0
34 36 1
35 36 1
36 36 0
37 36 0
38 36 0
39 36 0
0 37 1
1 37 1
2 37 0
3 37 1
4 37 1
5 37 1
6 37 1
7 37 1
8 37 0
9 37 1
10 37 1
11 37 1
12 37 0
13 37 1
14 37 1
15 37 1
16 37 1
17 37 1
18 37 1
19 37 0
20 37 1
21 37 1
22 37 0
23 37 1
24 37 0
25 37 1
26 37 0
27 37 1
28 37 1
29 37 1
30 37 0
31 37 1
32 37 1
33 37 1
34 37 1
35 37 1
36 37 0
37 37 1
38 37 1
39 37 1
0 38 0
1 38 1
2 38 0
3 38 0
4 38 1
5 38 1
6 38 1
7 38 0
8 38 0
9 38 1
10 38 1
11 38 1
12 38 0
13 38 1
14 38 1
15 38 1
16 38 0
17 38 1
18 38 1
19 38 0
20 38 0
21 38 0
22 38 0
23 38 0
24 38 0
25 38 1
26 38 0
27 38 1
28 38 1
29 38 1
30 38 0
31 38 1
32 38 1
33 38 1
34 38 0
35 38 1
36 38 0
37 38 1
38 38 0
39 38 0
0 39 1
1 39 1
2 39 0
3 39 1
4 39 1
5 39 1
6 39 1
7 39 1
8 39 0
9 39 1
10 39 1
11 39 1
12 39 0
13 39 1
14 39 1
15 39 1
16 39 1
17 39 1
18 39 1
19 39 1
20 39 1
21 39 1
22 39 0
23 39 0
24 39 0
25 39 1
26 39 0
27 39 1
28 39 1
29 39 1
30 39 0
31 39 1
32 39 1
33 39 1
34 39 1
35 39 1
36 39 0
37 39 1
38 39 1
39 39 1
40 6 1
41 6 1
42 6 1
43 6 0
44 6 0
45 6 1
46 6 0
47 6 1
48 6 0
49 6 0
50 6 1
51 6 0
52 6 1
53 6 0
54 6 1
55 6 0
56 6 1
57 6 1
58 6 0
59 6 1
60 6 1
61 6 0
62 6 1
63 6 1
64 6 1
65 6 1
66 6 1
67 6 0
68 6 0
69 6 0
70 6 0
71 6 1
72 6 0
73 6 0
74 6 0
75 6 0
76 6 1
77 6 1
78 6 0
79 6 1
40 1 1
41 1 1
42 1 1
43 1 0
44 1 0
45 1 0
46 1 0
47 1 1
48 1 0
49 1 0
50 1 0
51 1 0
52 1 1
53 1 0
54 1 1
55 1 0
56 1 1
57 1 1
58 1 0
59 1 1
60 1 0
61 1 0
62 1 1
63 1 1
64 1 1
65 1 1
66 1 1
67 1 0
68 1 0
69 1 0
70 1 0
71 1 0
72 1 0
73 1 0
74 1 0
75 1 0
76 1 0
77 1 0
78 1 0
79 1 1
40 9 1
41 9 1
42 9 1
43 9 1
44 9 0
45 9 1
46 9 0
47 9 1
48 9 1
49 9 0
50 9 1
51 9 1
52 9 1
53 9 1
54 9 1
55 9 1
56 9 1
57 9 1
58 9 0
59 9 1
60 9 1
61 9 1
62 9 1
63 9 1
64 9 1
65 9 1
66 9 1
67 9 1
68 9 1
69 9 1
70 9 1
71 9 1
72 9 1
73 9 1
74 9 1
75 9 0
76 9 1
77 9 1
78 9 1
79 9 1
40 4 1
41 4 1
42 4 1
43 4 1
44 4 0
45 4 1
46 4 0
47 4 1
48 4 1
49 4 0
50 4 1
51 4 1
52 4 1
53 4 1
54 4 1
55 4 1
56 4 1
57 4 1
58 4 0
59 4 1
60 4 1
61 4 1
62 4 1
63 4 1
64 4 1
65 4 1
66 4 1
67 4 1
68 4 1
69 4 1
70 4 1
71 4 1
72 4 1
73 4 1
74 4 1
75 4 0
76 4 1
77 4 1
78 4 1
79 4 1
40 40 1
41 40 1
42 40 1
43 40 1
44 40 0
45 40 1
46 40 0
47 40 1
48 40 1
49 40 0
50 40 1
51 40 1
52 40 1
53 40 1
54 40 0
55 40 1
56 40 1
57 40 1
58 40 0
59 40 1
60 40 1
61 40 1
62 40 1
63 40 1
64 40 1
65 40 1
66 40 0
67 40 1
68 40 1
69 40 1
70 40 1
71 40 0
72 40 1
73 40 1
74 40 1
75 40 0
76 40 1
77 40 1
78 40 1
79 40 1
40 21 1
41 21 1
42 21 1
43 21 0
44 21 0
45 21 0
46 21 0
47 21 1
48 21 0
49 21 0
50 21 1
51 21 0
52 21 1
53 21 0
54 21 1
55 21 0
56 21 1
57 21 1
58 21 0
59 21 1
60 21 0
61 21 0
62 21 1
63 21 1
64 21 1
65 21 1
66 21 1
67 21 0
68 21 0
69 21 0
70 21 0
71 21 0
72 21 0
73 21 0
74 21 0
75 21 0
76 21 0
77 21 0
78 21 0
79 21 1
40 5 1
41 5 1
42 5 1
43 5 1
44 5 0
45 5 1
46 5 0
47 5 1
48 5 1
49 5 0
50 5 1
51 5 1
52 5 1
53 5 0
54 5 1
55 5 1
56 5 1
57 5 1
58 5 0
59 5 1
60 5 1
61 5 1
62 5 1
63 5 1
64 5 1
65 5 1
66 5 1
67 5 1
68 5 1
69 5 1
70 5 1
71 5 1
72 5 1
73 5 1
74 5 1
75 5 0
76 5 1
77 5 1
78 5 1
79 5 1
40 3 1
41 3 1
42 3 1
43 3 0
44 3 0
45 3 1
46 3 0
47 3 1
48 3 0
49 3 0
50 3 1
51 3 0
52 3 1
53 3 0
54 3 1
55 3 0
56 3 1
57 3 1
58 3 0
59 3 1
60 3 1
61 3 0
62 3 1
63 3 1
64 3 0
65 3 1
66 3 1
67 3 0
68 3 0
69 3 0
70 3 0
71 3 1
72 3 0
73 3 0
74 3 1
75 3 0
76 3 1
77 3 0
78 3 0
79 3 1
41 7 1
45 7 0
42 7 1
44 7 0
43 7 0
40 7 1
48 7 0
46 7 0
47 7 1
50 7 0
49 7 0
54 7 1
51 7 0
55 7 0
53 7 0
52 7 1
58 7 0
60 7 0
57 7 1
56 7 1
61 7 0
59 7 1
64 7 1
65 7 1
63 7 1
62 7 1
67 7 0
66 7 1
69 7 0
70 7 0
68 7 0
73 7 0
72 7 0
74 7 0
71 7 1
76 7 0
79 7 1
75 7 0
77 7 0
78 7 0
40 41 1
41 41 1
42 41 1
43 41 0
44 41 0
45 41 1
46 41 0
47 41 1
48 41 0
49 41 0
50 41 1
51 41 1
52 41 1
53 41 1
54 41 1
55 41 0
56 41 1
57 41 1
58 41 0
59 41 1
60 41 1
61 41 0
62 41 1
63 41 1
64 41 1
65 41 0
66 41 1
67 41 0
68 41 0
69 41 0
70 41 0
71 41 0
72 41 1
73 41 0
74 41 1
75 41 0
76 41 1
77 41 1
78 41 0
79 41 1
40 42 1
41 42 0
42 42 0
43 42 0
44 42 0
45 42 0
46 42 0
47 42 1
48 42 0
49 42 0
50 42 0
51 42 0
52 42 1
53 42 0
54 42 1
55 42 0
56 42 1
57 42 1
58 42 0
59 42 1
60 42 0
61 42 0
62 42 1
63 42 1
64 42 0
65 42 0
66 42 1
67 42 1
68 42 0
69 42 0
70 42 0
71 42 1
72 42 0
73 42 0
74 42 0
75 42 0
76 42 1
77 42 0
78 42 0
79 42 1
40 10 1
41 10 1
42 10 1
43 10 1
44 10 0
45 10 1
46 10 0
47 10 1
48 10 1
49 10 0
50 10 1
51 10 1
52 10 1
53 10 0
54 10 1
55 10 1
56 10 1
57 10 1
58 10 0
59 10 1
60 10 1
61 10 1
62 10 1
63 10 1
64 10 1
65 10 1
66 10 1
67 10 1
68 10 1
69 10 1
70 10 1
71 10 1
72 10 1
73 10 1
74 10 1
75 10 0
76 10 1
77 10 1
78 10 1
79 10 1
40 20 1
41 20 1
42 20 1
43 20 1
44 20 0
45 20 1
46 20 0
47 20 1
48 20 1
49 20 0
50 20 0
51 20 0
52 20 0
53 20 0
54 20 1
55 20 0
56 20 1
57 20 1
58 20 0
59 20 1
60 20 1
61 20 0
62 20 1
63 20 0
64 20 1
65 20 1
66 20 1
67 20 1
68 20 0
69 20 1
70 20 1
71 20 0
72 20 1
73 20 0
74 20 1
75 20 0
76 20 0
77 20 0
78 20 0
79 20 1
41 43 1
45 43 1
42 43 1
44 43 0
43 43 1
40 43 1
48 43 1
46 43 0
47 43 1
50 43 1
49 43 0
54 43 1
51 43 1
55 43 1
53 43 0
52 43 1
58 43 0
60 43 1
57 43 1
56 43 1
61 43 1
59 43 1
64 43 1
65 43 1
63 43 1
62 43 1
67 43 1
66 43 1
69 43 1
70 43 1
68 43 1
73 43 1
72 43 1
74 43 1
71 43 1
76 43 1
79 43 1
75 43 0
77 43 1
78 43 1
40 11 1
41 11 1
42 11 1
43 11 1
44 11 0
45 11 1
46 11 0
47 11 1
48 11 1
49 11 0
50 11 1
51 11 1
52 11 1
53 11 0
54 11 1
55 11 1
56 11 1
57 11 1
58 11 0
59 11 1
60 11 1
61 11 1
62 11 1
63 11 1
64 11 1
65 11 1
66 11 1
67 11 1
68 11 1
69 11 1
70 11 1
71 11 1
72 11 1
73 11 1
74 11 1
75 11 0
76 11 1
77 11 1
78 11 1
79 11 1
40 13 0
41 13 1
42 13 1
43 13 1
44 13 0
45 13 1
46 13 0
47 13 1
48 13 1
49 13 0
50 13 1
51 13 1
52 13 1
53 13 1
54 13 1
55 13 1
56 13 1
57 13 1
58 13 0
59 13 1
60 13 1
61 13 1
62 13 1
63 13 1
64 13 1
65 13 1
66 13 1
67 13 1
68 13 1
69 13 1
70 13 1
71 13 1
72 13 1
73 13 1
74 13 1
75 13 0
76 13 1
77 13 1
78 13 1
79 13 1
40 15 1
41 15 0
42 15 1
43 15 0
44 15 0
45 15 0
46 15 0
47 15 1
48 15 0
49 15 0
50 15 0
51 15 0
52 15 0
53 15 0
54 15 1
55 15 0
56 15 1
57 15 1
58 15 0
59 15 1
60 15 0
61 15 0
62 15 1
63 15 1
64 15 1
65 15 0
66 15 1
67 15 0
68 15 0
69 15 0
70 15 0
71 15 0
72 15 0
73 15 0
74 15 0
75 15 0
76 15 0
77 15 0
78 15 0
79 15 1
40 14 1
41 14 1
42 14 1
43 14 1
44 14 0
45 14 1
46 14 0
47 14 1
48 14 1
49 14 0
50 14 1
51 14 0
52 14 0
53 14 0
54 14 1
55 14 1
56 14 1
57 14 1
58 14 0
59 14 1
60 14 1
61 14 0
62 14 1
63 14 1
64 14 1
65 14 0
66 14 1
67 14 1
68 14 1
69 14 1
70 14 1
71 14 0
72 14 1
73 14 1
74 14 1
75 14 0
76 14 1
77 14 1
78 14 1
79 14 1
40 44 1
41 44 1
42 44 1
43 44 1
44 44 0
45 44 1
46 44 0
47 44 1
48 44 1
49 44 0
50 44 1
51 44 1
52 44 1
53 44 0
54 44 1
55 44 1
56 44 1
57 44 1
58 44 0
59 44 1
60 44 1
61 44 1
62 44 1
63 44 1
64 44 1
65 44 1
66 44 1
67 44 1
68 44 1
69 44 1
70 44 1
71 44 1
72 44 1
73 44 1
74 44 1
75 44 0
76 44 1
77 44 1
78 44 1
79 44 1
40 16 0
41 16 1
42 16 0
43 16 0
44 16 0
45 16 0
46 16 0
47 16 0
48 16 1
49 16 0
50 16 0
51 16 0
52 16 0
53 16 0
54 16 0
55 16 1
56 16 0
57 16 0
58 16 0
59 16 0
60 16 1
61 16 1
62 16 0
63 16 0
64 16 0
65 16 1
66 16 0
67 16 0
68 16 1
69 16 0
70 16 1
71 16 0
72 16 1
73 16 1
74 16 0
75 16 0
76 16 0
77 16 0
78 16 0
79 16 0
40 12 1
41 12 1
42 12 1
43 12 1
44 12 0
45 12 1
46 12 0
47 12 1
48 12 1
49 12 0
50 12 1
51 12 1
52 12 1
53 12 0
54 12 1
55 12 1
56 12 1
57 12 1
58 12 0
59 12 1
60 12 1
61 12 1
62 12 1
63 12 1
64 12 1
65 12 1
66 12 1
67 12 1
68 12 1
69 12 1
70 12 1
71 12 0
72 12 1
73 12 1
74 12 1
75 12 0
76 12 1
77 12 1
78 12 0
79 12 1
40 19 1
41 19 0
42 19 1
43 19 0
44 19 0
45 19 0
46 19 0
47 19 1
48 19 0
49 19 0
50 19 1
51 19 0
52 19 1
53 19 0
54 19 1
55 19 0
56 19 1
57 19 1
58 19 0
59 19 1
60 19 0
61 19 0
62 19 1
63 19 1
64 19 1
65 19 1
66 19 1
67 19 1
68 19 0
69 19 0
70 19 0
71 19 1
72 19 0
73 19 0
74 19 0
75 19 0
76 19 1
77 19 0
78 19 0
79 19 1
40 31 1
41 31 1
42 31 1
43 31 0
44 31 0
45 31 0
46 31 0
47 31 1
48 31 0
49 31 0
50 31 0
51 31 1
52 31 1
53 31 0
54 31 1
55 31 0
56 31 1
57 31 1
58 31 0
59 31 1
60 31 1
61 31 0
62 31 1
63 31 1
64 31 1
65 31 1
66 31 1
67 31 0
68 31 0
69 31 0
70 31 0
71 31 0
72 31 1
73 31 1
74 31 0
75 31 0
76 31 0
77 31 1
78 31 0
79 31 1
40 23 1
41 23 1
42 23 1
43 23 0
44 23 0
45 23 1
46 23 0
47 23 1
48 23 0
49 23 0
50 23 1
51 23 0
52 23 1
53 23 0
54 23 1
55 23 0
56 23 1
57 23 1
58 23 0
59 23 1
60 23 1
61 23 0
62 23 1
63 23 1
64 23 1
65 23 1
66 23 1
67 23 1
68 23 0
69 23 0
70 23 0
71 23 1
72 23 0
73 23 0
74 23 1
75 23 0
76 23 1
77 23 1
78 23 0
79 23 1
40 25 1
41 25 1
42 25 1
43 25 1
44 25 0
45 25 1
46 25 0
47 25 0
48 25 1
49 25 0
50 25 1
51 25 0
52 25 0
53 25 0
54 25 0
55 25 0
56 25 0
57 25 1
58 25 0
59 25 0
60 25 1
61 25 0
62 25 1
63 25 0
64 25 1
65 25 1
66 25 0
67 25 1
68 25 1
69 25 1
70 25 1
71 25 0
72 25 1
73 25 1
74 25 1
75 25 0
76 25 1
77 25 1
78 25 0
79 25 1
40 17 0
41 17 0
42 17 0
43 17 0
44 17 0
45 17 0
46 17 0
47 17 0
48 17 1
49 17 0
50 17 0
51 17 0
52 17 0
53 17 0
54 17 0
55 17 0
56 17 0
57 17 0
58 17 0
59 17 0
60 17 0
61 17 0
62 17 1
63 17 0
64 17 0
65 17 0
66 17 1
67 17 0
68 17 0
69 17 0
70 17 0
71 17 0
72 17 0
73 17 0
74 17 0
75 17 0
76 17 0
77 17 0
78 17 0
79 17 0
40 22 1
41 22 1
42 22 1
43 22 1
44 22 0
45 22 1
46 22 0
47 22 1
48 22 1
49 22 0
50 22 1
51 22 1
52 22 1
53 22 0
54 22 1
55 22 1
56 22 1
57 22 1
58 22 0
59 22 1
60 22 1
61 22 1
62 22 1
63 22 1
64 22 1
65 22 1
66 22 1
67 22 0
68 22 1
69 22 1
70 22 1
71 22 0
72 22 1
73 22 1
74 22 1
75 22 0
76 22 1
77 22 1
78 22 1
79 22 1
40 8 0
41 8 1
42 8 1
43 8 1
44 8 0
45 8 1
46 8 0
47 8 1
48 8 0
49 8 0
50 8 1
51 8 0
52 8 0
53 8 0
54 8 0
55 8 0
56 8 1
57 8 1
58 8 0
59 8 1
60 8 1
61 8 1
62 8 1
63 8 1
64 8 0
65 8 0
66 8 1
67 8 0
68 8 0
69 8 1
70 8 1
71 8 0
72 8 0
73 8 1
74 8 1
75 8 0
76 8 1
77 8 1
78 8 0
79 8 1
40 24 1
41 24 0
42 24 1
43 24 1
44 24 0
45 24 1
46 24 0
47 24 0
48 24 1
49 24 0
50 24 1
51 24 1
52 24 1
53 24 0
54 24 1
55 24 1
56 24 1
57 24 1
58 24 0
59 24 1
60 24 1
61 24 1
62 24 1
63 24 1
64 24 1
65 24 1
66 24 1
67 24 0
68 24 1
69 24 1
70 24 1
71 24 1
72 24 1
73 24 1
74 24 1
75 24 0
76 24 1
77 24 1
78 24 1
79 24 1
40 26 1
41 26 1
42 26 1
43 26 1
44 26 0
45 26 1
46 26 0
47 26 1
48 26 1
49 26 0
50 26 1
51 26 1
52 26 1
53 26 0
54 26 1
55 26 1
56 26 1
57 26 1
58 26 0
59 26 1
60 26 1
61 26 1
62 26 1
63 26 1
64 26 1
65 26 1
66 26 1
67 26 1
68 26 1
69 26 1
70 26 1
71 26 1
72 26 1
73 26 1
74 26 1
75 26 0
76 26 1
77 26 1
78 26 1
79 26 1
40 29 1
41 29 1
42 29 1
43 29 1
44 29 0
45 29 1
46 29 0
47 29 1
48 29 1
49 29 0
50 29 1
51 29 1
52 29 0
53 29 0
54 29 1
55 29 0
56 29 1
57 29 1
58 29 0
59 29 1
60 29 1
61 29 0
62 29 1
63 29 1
64 29 1
65 29 1
66 29 1
67 29 1
68 29 0
69 29 1
70 29 1
71 29 0
72 29 1
73 29 1
74 29 1
75 29 0
76 29 0
77 29 1
78 29 0
79 29 1
40 45 1
41 45 1
42 45 1
43 45 1
44 45 0
45 45 1
46 45 0
47 45 1
48 45 1
49 45 0
50 45 1
51 45 0
52 45 1
53 45 0
54 45 1
55 45 1
56 45 1
57 45 1
58 45 0
59 45 1
60 45 1
61 45 0
62 45 1
63 45 1
64 45 1
65 45 0
66 45 0
67 45 1
68 45 1
69 45 1
70 45 1
71 45 1
72 45 1
73 45 1
74 45 1
75 45 0
76 45 1
77 45 0
78 45 1
79 45 0
41 30 1
45 30 1
42 30 0
44 30 0
43 30 1
40 30 1
48 30 1
46 30 0
47 30 0
50 30 1
49 30 0
54 30 1
51 30 0
55 30 0
53 30 0
52 30 1
58 30 0
60 30 1
57 30 1
56 30 0
61 30 1
59 30 0
64 30 0
65 30 0
63 30 0
62 30 1
67 30 0
66 30 1
69 30 1
70 30 1
68 30 0
73 30 1
72 30 0
74 30 0
71 30 0
76 30 1
79 30 1
75 30 0
77 30 1
78 30 0
40 34 1
41 34 1
42 34 1
43 34 0
44 34 0
45 34 0
46 34 0
47 34 1
48 34 1
49 34 0
50 34 1
51 34 1
52 34 1
53 34 0
54 34 1
55 34 0
56 34 1
57 34 1
58 34 0
59 34 1
60 34 1
61 34 0
62 34 1
63 34 1
64 34 1
65 34 1
66 34 1
67 34 0
68 34 0
69 34 0
70 34 0
71 34 1
72 34 0
73 34 0
74 34 0
75 34 0
76 34 1
77 34 0
78 34 0
79 34 1
41 28 0
45 28 0
42 28 0
44 28 0
43 28 0
40 28 1
48 28 0
46 28 0
47 28 0
50 28 0
49 28 0
54 28 0
51 28 0
55 28 0
53 28 0
52 28 1
58 28 0
60 28 0
57 28 0
56 28 1
61 28 0
59 28 0
64 28 0
65 28 0
63 28 1
62 28 0
67 28 0
66 28 1
69 28 0
70 28 0
68 28 0
73 28 0
72 28 0
74 28 0
71 28 0
76 28 0
79 28 0
75 28 0
77 28 0
78 28 0
40 33 1
41 33 0
42 33 1
43 33 1
44 33 0
45 33 0
46 33 0
47 33 0
48 33 1
49 33 0
50 33 0
51 33 0
52 33 0
53 33 0
54 33 0
55 33 0
56 33 0
57 33 0
58 33 0
59 33 0
60 33 0
61 33 0
62 33 1
63 33 0
64 33 1
65 33 0
66 33 1
67 33 0
68 33 0
69 33 0
70 33 0
71 33 0
72 33 0
73 33 0
74 33 0
75 33 0
76 33 0
77 33 0
78 33 0
79 33 1
40 35 1
41 35 1
42 35 1
43 35 1
44 35 0
45 35 1
46 35 0
47 35 1
48 35 1
49 35 0
50 35 1
51 35 1
52 35 1
53 35 0
54 35 0
55 35 1
56 35 1
57 35 1
58 35 0
59 35 1
60 35 1
61 35 0
62 35 1
63 35 1
64 35 1
65 35 1
66 35 1
67 35 0
68 35 1
69 35 1
70 35 1
71 35 0
72 35 1
73 35 1
74 35 1
75 35 0
76 35 1
77 35 1
78 35 1
79 35 1
41 37 1
45 37 1
42 37 1
44 37 0
43 37 1
40 37 1
48 37 1
46 37 0
47 37 1
50 37 1
49 37 0
54 37 1
51 37 1
55 37 1
53 37 1
52 37 1
58 37 0
60 37 1
57 37 1
56 37 1
61 37 1
59 37 1
64 37 1
65 37 1
63 37 1
62 37 1
67 37 1
66 37 1
69 37 1
70 37 1
68 37 1
73 37 1
72 37 1
74 37 1
71 37 1
76 37 1
79 37 1
75 37 0
77 37 1
78 37 1
40 46 1
41 46 0
42 46 1
43 46 1
44 46 0
45 46 1
46 46 0
47 46 0
48 46 1
49 46 0
50 46 1
51 46 0
52 46 0
53 46 0
54 46 1
55 46 0
56 46 0
57 46 0
58 46 0
59 46 0
60 46 0
61 46 1
62 46 1
63 46 1
64 46 0
65 46 0
66 46 1
67 46 0
68 46 0
69 46 0
70 46 0
71 46 0
72 46 0
73 46 1
74 46 0
75 46 0
76 46 0
77 46 0
78 46 0
79 46 1
40 39 1
41 39 1
42 39 1
43 39 1
44 39 0
45 39 1
46 39 0
47 39 1
48 39 1
49 39 0
50 39 1
51 39 1
52 39 1
53 39 0
54 39 1
55 39 1
56 39 1
57 39 1
58 39 1
59 39 1
60 39 1
61 39 1
62 39 1
63 39 1
64 39 1
65 39 1
66 39 1
67 39 1
68 39 1
69 39 1
70 39 1
71 39 0
72 39 1
73 39 1
74 39 1
75 39 0
76 39 1
77 39 1
78 39 1
79 39 1
80 0 0
81 0 0
82 0 0
83 0 0
84 0 1
85 0 1
86 0 1
87 0 0
88 0 1
89 0 1
90 0 0
91 0 0
92 0 0
93 0 0
94 0 0
95 0 0
96 0 0
97 0 0
98 0 1
99 0 0
100 0 0
101 0 0
102 0 0
103 0 0
104 0 0
105 0 0
106 0 0
107 0 0
108 0 1
109 0 0
110 0 1
111 0 1
112 0 0
113 0 0
114 0 0
115 0 0
116 0 0
117 0 0
118 0 0
119 0 0
80 21 0
81 21 0
82 21 1
83 21 0
84 21 1
85 21 0
86 21 0
87 21 0
88 21 1
89 21 1
90 21 1
91 21 0
92 21 1
93 21 0
94 21 0
95 21 0
96 21 0
97 21 0
98 21 1
99 21 0
100 21 1
101 21 0
102 21 0
103 21 1
104 21 0
105 21 1
106 21 0
107 21 1
108 21 1
109 21 1
110 21 1
111 21 0
112 21 0
113 21 1
114 21 0
115 21 1
116 21 1
117 21 1
118 21 1
119 21 1
80 4 1
81 4 0
82 4 1
83 4 0
84 4 1
85 4 1
86 4 1
87 4 1
88 4 1
89 4 1
90 4 0
91 4 0
92 4 0
93 4 0
94 4 0
95 4 0
96 4 0
97 4 0
98 4 1
99 4 1
100 4 1
101 4 0
102 4 0
103 4 1
104 4 1
105 4 1
106 4 0
107 4 1
108 4 1
109 4 1
110 4 1
111 4 1
112 4 0
113 4 1
114 4 1
115 4 1
116 4 1
117 4 1
118 4 1
119 4 0
80 11 1
81 11 0
84 11 1
83 11 0
85 11 1
82 11 1
88 11 1
89 11 1
90 11 0
86 11 1
91 11 0
87 11 1
95 11 0
94 11 0
92 11 0
93 11 0
96 11 0
97 11 0
98 11 1
99 11 1
100 11 1
107 11 1
106 11 0
103 11 1
102 11 0
104 11 1
105 11 1
108 11 1
109 11 1
101 11 0
110 11 1
113 11 1
114 11 1
112 11 0
111 11 1
115 11 1
119 11 0
116 11 1
118 11 1
117 11 1
80 5 1
81 5 1
82 5 1
83 5 0
84 5 1
85 5 1
86 5 0
87 5 1
88 5 1
89 5 1
90 5 0
91 5 0
92 5 1
93 5 0
94 5 0
95 5 1
96 5 0
97 5 0
98 5 1
99 5 1
100 5 1
101 5 0
102 5 0
103 5 1
104 5 1
105 5 1
106 5 0
107 5 0
108 5 1
109 5 1
110 5 1
111 5 1
112 5 0
113 5 1
114 5 1
115 5 1
116 5 1
117 5 1
118 5 0
119 5 1
80 6 0
81 6 0
82 6 0
83 6 0
84 6 1
85 6 0
86 6 1
87 6 0
88 6 1
89 6 0
90 6 0
91 6 0
92 6 1
93 6 0
94 6 0
95 6 0
96 6 0
97 6 0
98 6 0
99 6 0
100 6 1
101 6 0
102 6 0
103 6 1
104 6 0
105 6 1
106 6 0
107 6 1
108 6 1
109 6 1
110 6 1
111 6 0
112 6 0
113 6 1
114 6 0
115 6 1
116 6 0
117 6 1
118 6 1
119 6 1
80 1 0
81 1 0
82 1 0
83 1 0
84 1 0
85 1 0
86 1 0
87 1 0
88 1 1
89 1 0
90 1 1
91 1 0
92 1 1
93 1 0
94 1 0
95 1 0
96 1 0
97 1 0
98 1 1
99 1 0
100 1 0
101 1 0
102 1 0
103 1 1
104 1 0
105 1 0
106 1 0
107 1 1
108 1 1
109 1 0
110 1 0
111 1 0
112 1 0
113 1 0
114 1 0
115 1 1
116 1 0
117 1 0
118 1 1
119 1 1
80 9 1
81 9 1
82 9 1
83 9 1
84 9 1
85 9 1
86 9 1
87 9 1
88 9 1
89 9 1
90 9 1
91 9 0
92 9 1
93 9 0
94 9 0
95 9 1
96 9 0
97 9 0
98 9 1
99 9 1
100 9 1
101 9 0
102 9 0
103 9 1
104 9 1
105 9 1
106 9 0
107 9 1
108 9 1
109 9 1
110 9 1
111 9 1
112 9 0
113 9 1
114 9 1
115 9 1
116 9 1
117 9 1
118 9 1
119 9 1
80 42 0
81 42 0
82 42 0
83 42 0
84 42 1
85 42 0
86 42 0
87 42 0
88 42 1
89 42 0
90 42 1
91 42 0
92 42 1
93 42 0
94 42 0
95 42 1
96 42 0
97 42 0
98 42 1
99 42 0
100 42 1
101 42 0
102 42 0
103 42 1
104 42 0
105 42 1
106 42 0
107 42 1
108 42 1
109 42 1
110 42 0
111 42 0
112 42 0
113 42 1
114 42 0
115 42 1
116 42 0
117 42 1
118 42 1
119 42 1
80 13 1
81 13 1
82 13 1
83 13 0
84 13 1
85 13 1
86 13 1
87 13 1
88 13 1
89 13 1
90 13 1
91 13 0
92 13 1
93 13 0
94 13 0
95 13 1
96 13 0
97 13 0
98 13 1
99 13 1
100 13 1
101 13 0
102 13 0
103 13 1
104 13 1
105 13 1
106 13 0
107 13 1
108 13 1
109 13 1
110 13 1
111 13 1
112 13 0
113 13 1
114 13 1
115 13 1
116 13 1
117 13 1
118 13 1
119 13 1
80 15 0
81 15 0
84 15 0
83 15 0
85 15 0
82 15 0
88 15 1
89 15 0
90 15 0
86 15 0
91 15 0
87 15 0
95 15 0
94 15 0
92 15 1
93 15 0
96 15 0
97 15 0
98 15 1
99 15 0
100 15 1
107 15 1
106 15 0
103 15 0
102 15 0
104 15 0
105 15 0
108 15 1
109 15 0
101 15 0
110 15 0
113 15 0
114 15 0
112 15 0
111 15 0
115 15 1
119 15 1
116 15 0
118 15 1
117 15 0
80 10 0
81 10 0
82 10 0
83 10 0
84 10 1
85 10 0
86 10 0
87 10 0
88 10 1
89 10 1
90 10 0
91 10 0
92 10 1
93 10 0
94 10 0
95 10 0
96 10 0
97 10 1
98 10 1
99 10 1
100 10 1
101 10 1
102 10 0
103 10 1
104 10 1
105 10 0
106 10 0
107 10 1
108 10 1
109 10 1
110 10 1
111 10 1
112 10 0
113 10 1
114 10 0
115 10 1
116 10 1
117 10 1
118 10 1
119 10 1
80 17 0
81 17 0
84 17 0
83 17 0
85 17 0
82 17 0
88 17 1
89 17 0
90 17 0
86 17 0
91 17 0
87 17 0
95 17 0
94 17 0
92 17 0
93 17 0
96 17 0
97 17 0
98 17 0
99 17 0
100 17 0
107 17 0
106 17 0
103 17 0
102 17 0
104 17 0
105 17 0
108 17 1
109 17 0
101 17 0
110 17 0
113 17 0
114 17 0
112 17 0
111 17 0
115 17 0
119 17 0
116 17 0
118 17 0
117 17 0
80 47 0
81 47 0
84 47 0
83 47 0
85 47 0
82 47 0
88 47 0
89 47 0
90 47 0
86 47 0
91 47 0
87 47 0
95 47 0
94 47 0
92 47 0
93 47 0
96 47 0
97 47 0
98 47 0
99 47 0
100 47 0
107 47 0
106 47 0
103 47 0
102 47 0
104 47 0
105 47 0
108 47 1
109 47 0
101 47 0
110 47 0
113 47 0
114 47 0
112 47 0
111 47 0
115 47 0
119 47 1
116 47 0
118 47 0
117 47 0
80 12 1
81 12 1
84 12 1
83 12 0
85 12 1
82 12 1
88 12 1
89 12 1
90 12 1
86 12 1
91 12 0
87 12 1
95 12 1
94 12 0
92 12 1
93 12 0
96 12 0
97 12 0
98 12 1
99 12 1
100 12 1
107 12 1
106 12 0
103 12 1
102 12 0
104 12 1
105 12 1
108 12 1
109 12 1
101 12 0
110 12 1
113 12 1
114 12 1
112 12 0
111 12 1
115 12 1
119 12 1
116 12 1
118 12 1
117 12 1
80 7 0
81 7 0
82 7 0
83 7 0
84 7 0
85 7 0
86 7 0
87 7 0
88 7 1
89 7 0
90 7 1
91 7 0
92 7 1
93 7 0
94 7 0
95 7 0
96 7 0
97 7 0
98 7 1
99 7 0
100 7 1
101 7 0
102 7 0
103 7 1
104 7 0
105 7 0
106 7 0
107 7 1
108 7 1
109 7 0
110 7 0
111 7 0
112 7 0
113 7 1
114 7 0
115 7 1
116 7 0
117 7 1
118 7 1
119 7 1
80 16 1
81 16 0
82 16 0
83 16 0
84 16 0
85 16 0
86 16 0
87 16 1
88 16 0
89 16 0
90 16 0
91 16 0
92 16 0
93 16 0
94 16 0
95 16 0
96 16 0
97 16 0
98 16 0
99 16 1
100 16 0
101 16 0
102 16 0
103 16 0
104 16 0
105 16 0
106 16 0
107 16 0
108 16 0
109 16 0
110 16 0
111 16 0
112 16 0
113 16 0
114 16 1
115 16 0
116 16 0
117 16 0
118 16 0
119 16 0
80 14 1
81 14 0
82 14 1
83 14 0
84 14 0
85 14 1
86 14 1
87 14 1
88 14 1
89 14 1
90 14 0
91 14 0
92 14 0
93 14 0
94 14 0
95 14 0
96 14 0
97 14 0
98 14 1
99 14 1
100 14 1
101 14 0
102 14 0
103 14 1
104 14 1
105 14 0
106 14 0
107 14 1
108 14 1
109 14 1
110 14 1
111 14 1
112 14 0
113 14 1
114 14 0
115 14 1
116 14 1
117 14 1
118 14 1
119 14 1
80 19 0
81 19 0
82 19 0
83 19 0
84 19 0
85 19 0
86 19 0
87 19 0
88 19 1
89 19 0
90 19 1
91 19 0
92 19 1
93 19 0
94 19 0
95 19 0
96 19 0
97 19 0
98 19 1
99 19 0
100 19 1
101 19 0
102 19 0
103 19 1
104 19 0
105 19 1
106 19 0
107 19 1
108 19 1
109 19 1
110 19 0
111 19 0
112 19 0
113 19 1
114 19 0
115 19 1
116 19 0
117 19 0
118 19 1
119 19 1
80 23 0
81 23 0
82 23 1
83 23 0
84 23 1
85 23 0
86 23 1
87 23 0
88 23 1
89 23 1
90 23 1
91 23 0
92 23 1
93 23 0
94 23 0
95 23 0
96 23 0
97 23 0
98 23 1
99 23 0
100 23 1
101 23 0
102 23 0
103 23 1
104 23 1
105 23 1
106 23 0
107 23 1
108 23 1
109 23 1
110 23 1
111 23 0
112 23 0
113 23 1
114 23 0
115 23 1
116 23 1
117 23 1
118 23 1
119 23 1
80 24 1
81 24 1
82 24 1
83 24 0
84 24 1
85 24 1
86 24 1
87 24 1
88 24 1
89 24 1
90 24 1
91 24 0
92 24 1
93 24 0
94 24 0
95 24 1
96 24 0
97 24 0
98 24 1
99 24 1
100 24 1
101 24 0
102 24 1
103 24 1
104 24 1
105 24 1
106 24 0
107 24 1
108 24 1
109 24 1
110 24 1
111 24 1
112 24 0
113 24 1
114 24 1
115 24 1
116 24 1
117 24 1
118 24 1
119 24 1
80 48 1
81 48 1
84 48 1
83 48 0
85 48 1
82 48 1
88 48 1
89 48 1
90 48 1
86 48 1
91 48 0
87 48 1
95 48 1
94 48 0
92 48 1
93 48 0
96 48 0
97 48 0
98 48 1
99 48 1
100 48 1
107 48 1
106 48 0
103 48 0
102 48 0
104 48 1
105 48 1
108 48 1
109 48 1
101 48 0
110 48 1
113 48 1
114 48 1
112 48 0
111 48 1
115 48 1
119 48 1
116 48 1
118 48 1
117 48 1
80 8 1
81 8 0
84 8 0
83 8 0
85 8 1
82 8 1
88 8 1
89 8 1
90 8 0
86 8 1
91 8 0
87 8 0
95 8 0
94 8 0
92 8 0
93 8 0
96 8 0
97 8 0
98 8 1
99 8 1
100 8 1
107 8 0
106 8 0
103 8 0
102 8 0
104 8 0
105 8 0
108 8 1
109 8 1
101 8 0
110 8 0
113 8 1
114 8 0
112 8 0
111 8 1
115 8 0
119 8 0
116 8 0
118 8 0
117 8 1
80 22 1
81 22 0
82 22 1
83 22 0
84 22 1
85 22 1
86 22 1
87 22 0
88 22 1
89 22 1
90 22 0
91 22 0
92 22 0
93 22 0
94 22 0
95 22 0
96 22 0
97 22 0
98 22 1
99 22 1
100 22 1
101 22 0
102 22 0
103 22 1
104 22 1
105 22 1
106 22 0
107 22 1
108 22 1
109 22 1
110 22 1
111 22 1
112 22 0
113 22 1
114 22 1
115 22 1
116 22 1
117 22 1
118 22 1
119 22 0
80 25 1
81 25 0
84 25 1
85 25 1
83 25 0
82 25 1
91 25 0
89 25 1
88 25 1
90 25 0
86 25 1
87 25 1
95 25 0
93 25 0
92 25 0
94 25 0
97 25 0
96 25 0
98 25 1
100 25 1
99 25 1
109 25 1
104 25 1
108 25 1
107 25 1
105 25 1
110 25 1
106 25 0
103 25 1
101 25 0
102 25 0
111 25 1
115 25 1
112 25 0
114 25 1
113 25 1
119 25 0
118 25 1
117 25 1
116 25 1
80 20 0
81 20 0
84 20 0
83 20 0
85 20 0
82 20 0
88 20 1
89 20 0
90 20 0
86 20 0
91 20 0
87 20 1
95 20 0
94 20 0
92 20 0
93 20 0
96 20 0
97 20 0
98 20 0
99 20 0
100 20 1
107 20 1
106 20 0
103 20 1
102 20 0
104 20 0
105 20 0
108 20 1
109 20 0
101 20 0
110 20 0
113 20 1
114 20 0
112 20 0
111 20 0
115 20 1
119 20 1
116 20 0
118 20 0
117 20 0
80 26 1
81 26 1
82 26 1
83 26 0
84 26 0
85 26 1
86 26 1
87 26 1
88 26 1
89 26 1
90 26 1
91 26 0
92 26 1
93 26 0
94 26 0
95 26 1
96 26 0
97 26 0
98 26 1
99 26 1
100 26 1
101 26 0
102 26 0
103 26 1
104 26 0
105 26 1
106 26 0
107 26 1
108 26 1
109 26 1
110 26 1
111 26 1
112 26 0
113 26 1
114 26 1
115 26 1
116 26 1
117 26 1
118 26 1
119 26 1
80 29 1
81 29 0
82 29 1
83 29 0
84 29 0
85 29 1
86 29 0
87 29 1
88 29 1
89 29 1
90 29 0
91 29 0
92 29 0
93 29 0
94 29 0
95 29 1
96 29 0
97 29 0
98 29 1
99 29 1
100 29 1
101 29 0
102 29 0
103 29 1
104 29 1
105 29 1
106 29 0
107 29 1
108 29 1
109 29 1
110 29 1
111 29 1
112 29 0
113 29 1
114 29 0
115 29 1
116 29 1
117 29 1
118 29 1
119 29 0
80 45 1
81 45 1
84 45 1
83 45 0
85 45 1
82 45 0
88 45 1
89 45 1
90 45 0
86 45 1
91 45 0
87 45 1
95 45 0
94 45 0
92 45 1
93 45 0
96 45 0
97 45 0
98 45 1
99 45 1
100 45 1
107 45 1
106 45 0
103 45 1
102 45 0
104 45 0
105 45 1
108 45 1
109 45 1
101 45 0
110 45 1
113 45 1
114 45 1
112 45 0
111 45 0
115 45 1
119 45 0
116 45 1
118 45 1
117 45 1
80 30 1
81 30 0
84 30 1
83 30 0
85 30 1
82 30 0
88 30 1
89 30 1
90 30 0
86 30 0
91 30 0
87 30 0
95 30 0
94 30 0
92 30 0
93 30 0
96 30 0
97 30 0
98 30 1
99 30 1
100 30 0
107 30 0
106 30 0
103 30 0
102 30 0
104 30 0
105 30 0
108 30 1
109 30 1
101 30 0
110 30 0
113 30 1
114 30 0
112 30 0
111 30 0
115 30 1
119 30 0
116 30 0
118 30 0
117 30 1
80 28 0
81 28 0
83 28 0
85 28 0
84 28 0
82 28 0
91 28 0
88 28 0
90 28 0
86 28 0
89 28 0
87 28 0
95 28 0
93 28 0
94 28 0
92 28 0
98 28 0
96 28 0
97 28 0
99 28 0
100 28 0
106 28 0
108 28 0
104 28 0
102 28 0
105 28 0
109 28 0
110 28 0
103 28 0
101 28 0
107 28 1
115 28 0
111 28 0
114 28 0
112 28 0
113 28 0
118 28 1
116 28 0
117 28 0
119 28 0
80 34 0
81 34 0
82 34 0
83 34 0
84 34 1
85 34 0
86 34 0
87 34 0
88 34 1
89 34 0
90 34 0
91 34 0
92 34 0
93 34 0
94 34 0
95 34 1
96 34 0
97 34 0
98 34 1
99 34 0
100 34 1
101 34 0
102 34 0
103 34 1
104 34 0
105 34 1
106 34 0
107 34 1
108 34 1
109 34 0
110 34 1
111 34 0
112 34 0
113 34 1
114 34 0
115 34 1
116 34 0
117 34 1
118 34 0
119 34 1
80 32 0
81 32 0
82 32 0
83 32 0
84 32 0
85 32 0
86 32 0
87 32 0
88 32 1
89 32 0
90 32 0
91 32 0
92 32 0
93 32 0
94 32 0
95 32 0
96 32 0
97 32 0
98 32 1
99 32 0
100 32 0
101 32 0
102 32 0
103 32 1
104 32 0
105 32 1
106 32 0
107 32 1
108 32 1
109 32 0
110 32 0
111 32 0
112 32 0
113 32 0
114 32 0
115 32 1
116 32 0
117 32 0
118 32 1
119 32 0
80 33 1
81 33 0
84 33 0
83 33 0
85 33 0
82 33 0
88 33 1
89 33 0
90 33 0
86 33 0
91 33 0
87 33 0
95 33 0
94 33 0
92 33 0
93 33 0
96 33 0
97 33 0
98 33 1
99 33 0
100 33 1
107 33 0
106 33 0
103 33 0
102 33 0
104 33 0
105 33 0
108 33 1
109 33 0
101 33 0
110 33 0
113 33 0
114 33 0
112 33 0
111 33 0
115 33 1
119 33 0
116 33 0
118 33 0
117 33 0
80 46 0
81 46 1
82 46 0
83 46 0
84 46 1
85 46 0
86 46 0
87 46 1
88 46 1
89 46 0
90 46 0
91 46 0
92 46 1
93 46 0
94 46 0
95 46 1
96 46 0
97 46 0
98 46 0
99 46 0
100 46 0
101 46 0
102 46 0
103 46 0
104 46 1
105 46 1
106 46 0
107 46 0
108 46 1
109 46 1
110 46 0
111 46 1
112 46 0
113 46 1
114 46 0
115 46 0
116 46 1
117 46 1
118 46 1
119 46 0
80 35 1
81 35 1
84 35 1
83 35 0
85 35 1
82 35 1
88 35 1
89 35 0
90 35 1
86 35 1
91 35 0
87 35 1
95 35 0
94 35 0
92 35 1
93 35 0
96 35 0
97 35 0
98 35 0
99 35 1
100 35 1
107 35 1
106 35 0
103 35 1
102 35 0
104 35 0
105 35 1
108 35 1
109 35 0
101 35 0
110 35 0
113 35 1
114 35 1
112 35 0
111 35 1
115 35 1
119 35 1
116 35 1
118 35 0
117 35 1
80 37 1
81 37 1
83 37 1
85 37 1
84 37 1
82 37 1
91 37 0
88 37 1
90 37 1
86 37 1
89 37 1
87 37 1
95 37 1
93 37 0
94 37 0
92 37 1
98 37 1
96 37 0
97 37 0
99 37 1
100 37 1
106 37 0
108 37 1
104 37 1
102 37 1
105 37 1
109 37 1
110 37 1
103 37 1
101 37 0
107 37 1
115 37 1
111 37 1
114 37 1
112 37 0
113 37 1
118 37 1
116 37 1
117 37 1
119 37 1
80 31 0
81 31 1
82 31 0
83 31 0
84 31 0
85 31 0
86 31 0
87 31 0
88 31 1
89 31 0
90 31 0
91 31 0
92 31 1
93 31 0
94 31 0
95 31 0
96 31 0
97 31 0
98 31 0
99 31 0
100 31 1
101 31 0
102 31 0
103 31 1
104 31 0
105 31 0
106 31 0
107 31 1
108 31 1
109 31 0
110 31 0
111 31 0
112 31 0
113 31 1
114 31 0
115 31 1
116 31 0
117 31 0
118 31 1
119 31 1
80 39 1
81 39 1
82 39 1
83 39 0
84 39 1
85 39 1
86 39 1
87 39 1
88 39 1
89 39 1
90 39 1
91 39 0
92 39 1
93 39 0
94 39 0
95 39 1
96 39 0
97 39 0
98 39 1
99 39 1
100 39 1
101 39 0
102 39 0
103 39 1
104 39 1
105 39 1
106 39 0
107 39 1
108 39 1
109 39 1
110 39 1
111 39 1
112 39 0
113 39 1
114 39 1
115 39 1
116 39 1
117 39 1
118 39 1
119 39 1
80 18 1
81 18 0
82 18 0
83 18 0
84 18 1
85 18 1
86 18 0
87 18 1
88 18 1
89 18 1
90 18 0
91 18 0
92 18 0
93 18 0
94 18 0
95 18 0
96 18 0
97 18 0
98 18 0
99 18 1
100 18 1
101 18 0
102 18 0
103 18 1
104 18 0
105 18 1
106 18 0
107 18 1
108 18 1
109 18 1
110 18 1
111 18 1
112 18 0
113 18 1
114 18 1
115 18 1
116 18 1
117 18 1
118 18 0
119 18 0
120 5 1
121 5 1
122 5 1
123 5 1
124 5 1
125 5 1
126 5 1
127 5 1
128 5 1
129 5 1
130 5 1
131 5 1
132 5 1
133 5 0
134 5 1
135 5 1
136 5 1
137 5 1
138 5 0
139 5 1
140 5 1
141 5 1
142 5 1
143 5 0
144 5 0
145 5 0
146 5 1
147 5 1
148 5 0
149 5 1
150 5 1
151 5 1
152 5 1
153 5 0
154 5 1
155 5 0
156 5 0
157 5 1
158 5 1
159 5 1
121 3 1
120 3 1
125 3 1
124 3 0
123 3 1
126 3 1
122 3 0
128 3 0
127 3 0
130 3 1
129 3 1
133 3 0
131 3 0
134 3 1
132 3 1
135 3 1
137 3 0
136 3 1
141 3 1
138 3 0
140 3 1
139 3 0
142 3 1
143 3 0
144 3 0
145 3 0
146 3 1
147 3 1
150 3 0
152 3 0
153 3 0
151 3 1
148 3 1
149 3 1
155 3 0
154 3 1
159 3 1
158 3 0
157 3 1
156 3 0
121 1 0
120 1 1
125 1 0
124 1 0
123 1 1
126 1 1
122 1 0
128 1 0
127 1 0
130 1 0
129 1 0
133 1 0
131 1 0
134 1 0
132 1 0
135 1 1
137 1 0
136 1 1
141 1 1
138 1 0
140 1 1
139 1 0
142 1 1
143 1 0
144 1 0
145 1 0
146 1 0
147 1 0
150 1 0
152 1 0
153 1 0
151 1 1
148 1 0
149 1 1
155 1 0
154 1 1
159 1 0
158 1 1
157 1 1
156 1 0
121 49 0
120 49 0
125 49 0
124 49 0
123 49 0
126 49 0
122 49 0
128 49 0
127 49 0
130 49 0
129 49 0
133 49 1
131 49 0
134 49 0
132 49 0
135 49 0
137 49 0
136 49 0
141 49 0
138 49 1
140 49 0
139 49 0
142 49 0
143 49 1
144 49 1
145 49 1
146 49 0
147 49 0
150 49 0
152 49 0
153 49 1
151 49 0
148 49 0
149 49 0
155 49 1
154 49 0
159 49 0
158 49 0
157 49 0
156 49 1
121 9 1
120 9 1
125 9 1
124 9 1
123 9 1
126 9 1
122 9 1
128 9 1
127 9 1
130 9 1
129 9 1
133 9 0
131 9 1
134 9 1
132 9 1
135 9 1
137 9 1
136 9 1
141 9 1
138 9 0
140 9 1
139 9 1
142 9 1
143 9 0
144 9 0
145 9 0
146 9 1
147 9 1
150 9 1
152 9 1
153 9 0
151 9 1
148 9 1
149 9 1
155 9 1
154 9 1
159 9 1
158 9 1
157 9 1
156 9 0
121 4 1
120 4 0
125 4 1
124 4 1
123 4 1
126 4 1
122 4 1
128 4 1
127 4 1
130 4 1
129 4 1
133 4 0
131 4 0
134 4 1
132 4 1
135 4 1
137 4 1
136 4 1
141 4 1
138 4 0
140 4 1
139 4 1
142 4 1
143 4 0
144 4 0
145 4 0
146 4 1
147 4 1
150 4 1
152 4 1
153 4 0
151 4 1
148 4 1
149 4 1
155 4 0
154 4 1
159 4 1
158 4 1
157 4 1
156 4 0
120 6 1
121 6 1
126 6 1
122 6 0
123 6 1
124 6 0
125 6 1
130 6 0
128 6 0
129 6 1
127 6 0
134 6 1
133 6 0
131 6 0
132 6 0
136 6 1
135 6 1
137 6 1
138 6 0
141 6 1
139 6 0
143 6 0
142 6 1
140 6 1
144 6 0
147 6 0
146 6 1
145 6 0
152 6 0
149 6 1
148 6 1
150 6 0
151 6 0
153 6 0
154 6 1
155 6 0
156 6 0
158 6 1
157 6 1
159 6 1
120 50 0
121 50 1
126 50 1
122 50 1
123 50 1
124 50 1
125 50 1
130 50 1
128 50 0
129 50 1
127 50 1
134 50 1
133 50 0
131 50 0
132 50 0
136 50 1
135 50 1
137 50 1
138 50 0
141 50 1
139 50 1
143 50 0
142 50 1
140 50 0
144 50 0
147 50 0
146 50 1
145 50 0
152 50 1
149 50 0
148 50 1
150 50 1
151 50 1
153 50 0
154 50 1
155 50 0
156 50 0
158 50 1
157 50 1
159 50 1
120 12 1
121 12 1
126 12 1
122 12 1
123 12 1
124 12 1
125 12 1
130 12 1
128 12 1
129 12 1
127 12 1
134 12 1
133 12 0
131 12 1
132 12 1
136 12 1
135 12 1
137 12 1
138 12 0
141 12 1
139 12 1
143 12 0
142 12 1
140 12 1
144 12 0
147 12 0
146 12 1
145 12 0
152 12 1
149 12 1
148 12 1
150 12 1
151 12 1
153 12 0
154 12 1
155 12 0
156 12 0
158 12 1
157 12 1
159 12 1
121 7 0
120 7 1
125 7 0
124 7 0
123 7 1
126 7 1
122 7 0
128 7 0
127 7 0
130 7 0
129 7 0
133 7 0
131 7 0
134 7 0
132 7 1
135 7 0
137 7 0
136 7 1
141 7 1
138 7 0
140 7 1
139 7 0
142 7 1
143 7 0
144 7 0
145 7 0
146 7 0
147 7 0
150 7 0
152 7 0
153 7 0
151 7 1
148 7 0
149 7 1
155 7 0
154 7 1
159 7 0
158 7 1
157 7 1
156 7 0
121 11 1
120 11 0
125 11 1
124 11 1
123 11 1
126 11 1
122 11 1
128 11 1
127 11 1
130 11 1
129 11 1
133 11 0
131 11 1
134 11 1
132 11 1
135 11 1
137 11 1
136 11 1
141 11 1
138 11 0
140 11 1
139 11 1
142 11 1
143 11 0
144 11 0
145 11 0
146 11 1
147 11 1
150 11 1
152 11 1
153 11 0
151 11 1
148 11 1
149 11 1
155 11 0
154 11 1
159 11 1
158 11 1
157 11 1
156 11 0
121 40 1
120 40 1
125 40 1
124 40 1
123 40 1
126 40 1
122 40 1
128 40 1
127 40 1
130 40 0
129 40 1
133 40 0
131 40 1
134 40 1
132 40 1
135 40 1
137 40 1
136 40 1
141 40 1
138 40 0
140 40 1
139 40 1
142 40 1
143 40 0
144 40 0
145 40 0
146 40 1
147 40 1
150 40 1
152 40 1
153 40 0
151 40 1
148 40 1
149 40 1
155 40 0
154 40 1
159 40 1
158 40 1
157 40 1
156 40 0
120 15 0
121 15 0
126 15 0
122 15 0
123 15 1
124 15 0
125 15 0
130 15 0
128 15 0
129 15 0
127 15 0
134 15 1
133 15 0
131 15 0
132 15 0
136 15 1
135 15 1
137 15 0
138 15 0
141 15 1
139 15 0
143 15 0
142 15 1
140 15 1
144 15 0
147 15 0
146 15 0
145 15 0
152 15 0
149 15 1
148 15 0
150 15 0
151 15 0
153 15 0
154 15 1
155 15 0
156 15 0
158 15 1
157 15 1
159 15 1
121 8 1
120 8 0
125 8 1
124 8 0
123 8 1
126 8 0
122 8 1
128 8 0
127 8 0
130 8 0
129 8 1
133 8 0
131 8 0
134 8 1
132 8 1
135 8 1
137 8 1
136 8 1
141 8 1
138 8 0
140 8 0
139 8 1
142 8 1
143 8 0
144 8 0
145 8 0
146 8 1
147 8 0
150 8 1
152 8 1
153 8 0
151 8 1
148 8 0
149 8 0
155 8 0
154 8 1
159 8 1
158 8 1
157 8 1
156 8 0
121 20 0
120 20 0
125 20 0
124 20 0
123 20 1
126 20 0
122 20 1
128 20 0
127 20 0
130 20 0
129 20 1
133 20 0
131 20 0
134 20 1
132 20 0
135 20 1
137 20 0
136 20 1
141 20 1
138 20 0
140 20 0
139 20 1
142 20 0
143 20 0
144 20 0
145 20 0
146 20 1
147 20 0
150 20 1
152 20 1
153 20 0
151 20 1
148 20 0
149 20 1
155 20 0
154 20 1
159 20 0
158 20 1
157 20 1
156 20 0
121 13 1
120 13 1
125 13 1
124 13 1
123 13 1
126 13 1
122 13 1
128 13 1
127 13 1
130 13 1
129 13 1
133 13 0
131 13 1
134 13 1
132 13 1
135 13 1
137 13 1
136 13 1
141 13 1
138 13 0
140 13 1
139 13 1
142 13 1
143 13 0
144 13 0
145 13 0
146 13 1
147 13 1
150 13 1
152 13 1
153 13 0
151 13 1
148 13 1
149 13 1
155 13 0
154 13 1
159 13 1
158 13 1
157 13 1
156 13 0
120 51 1
121 51 0
126 51 1
122 51 1
123 51 1
124 51 0
125 51 0
130 51 1
128 51 1
129 51 1
127 51 1
134 51 0
133 51 0
131 51 0
132 51 1
136 51 1
135 51 1
137 51 0
138 51 0
141 51 1
139 51 1
143 51 0
142 51 1
140 51 1
144 51 0
147 51 0
146 51 1
145 51 0
152 51 1
149 51 1
148 51 0
150 51 1
151 51 1
153 51 0
154 51 1
155 51 0
156 51 0
158 51 1
157 51 1
159 51 0
121 14 1
120 14 0
125 14 1
124 14 1
123 14 1
126 14 1
122 14 1
128 14 1
127 14 0
130 14 0
129 14 1
133 14 0
131 14 0
134 14 1
132 14 1
135 14 1
137 14 1
136 14 1
141 14 1
138 14 0
140 14 1
139 14 1
142 14 0
143 14 0
144 14 0
145 14 0
146 14 1
147 14 1
150 14 1
152 14 0
153 14 0
151 14 1
148 14 1
149 14 0
155 14 0
154 14 1
159 14 1
158 14 1
157 14 1
156 14 0
121 17 0
120 17 0
125 17 0
124 17 0
123 17 0
126 17 0
122 17 0
128 17 0
127 17 0
130 17 0
129 17 0
133 17 0
131 17 0
134 17 0
132 17 0
135 17 1
137 17 0
136 17 0
141 17 0
138 17 0
140 17 0
139 17 0
142 17 0
143 17 0
144 17 0
145 17 0
146 17 0
147 17 0
150 17 0
152 17 0
153 17 0
151 17 0
148 17 0
149 17 0
155 17 0
154 17 1
159 17 0
158 17 0
157 17 1
156 17 0
120 44 0
121 44 1
122 44 1
123 44 1
124 44 1
125 44 1
126 44 1
127 44 1
128 44 1
129 44 1
130 44 1
131 44 1
132 44 1
133 44 0
134 44 1
135 44 1
136 44 1
137 44 1
138 44 0
139 44 1
140 44 1
141 44 1
142 44 1
143 44 0
144 44 0
145 44 0
146 44 1
147 44 1
148 44 1
149 44 1
150 44 1
151 44 1
152 44 1
153 44 0
154 44 1
155 44 0
156 44 0
157 44 1
158 44 1
159 44 1
120 23 1
121 23 1
126 23 1
122 23 0
123 23 1
124 23 1
125 23 1
130 23 1
128 23 0
129 23 1
127 23 0
134 23 1
133 23 0
131 23 0
132 23 1
136 23 1
135 23 1
137 23 1
138 23 0
141 23 1
139 23 0
143 23 0
142 23 1
140 23 1
144 23 0
147 23 1
146 23 1
145 23 0
152 23 0
149 23 1
148 23 1
150 23 0
151 23 1
153 23 0
154 23 1
155 23 0
156 23 0
158 23 1
157 23 1
159 23 1
120 19 0
121 19 0
126 19 1
122 19 0
123 19 0
124 19 0
125 19 0
130 19 1
128 19 0
129 19 1
127 19 0
134 19 0
133 19 0
131 19 0
132 19 1
136 19 1
135 19 1
137 19 0
138 19 0
141 19 1
139 19 0
143 19 0
142 19 1
140 19 1
144 19 0
147 19 0
146 19 1
145 19 0
152 19 0
149 19 1
148 19 0
150 19 0
151 19 1
153 19 0
154 19 1
155 19 0
156 19 0
158 19 1
157 19 1
159 19 1
121 25 1
120 25 0
125 25 1
124 25 1
123 25 0
126 25 0
122 25 1
128 25 0
127 25 1
130 25 0
129 25 1
133 25 0
131 25 1
134 25 1
132 25 0
135 25 1
137 25 1
136 25 0
141 25 0
138 25 0
140 25 0
139 25 1
142 25 0
143 25 0
144 25 0
145 25 0
146 25 1
147 25 1
150 25 1
152 25 1
153 25 0
151 25 1
148 25 1
149 25 0
155 25 0
154 25 0
159 25 1
158 25 1
157 25 1
156 25 0
121 21 1
120 21 0
125 21 0
124 21 0
123 21 1
126 21 1
122 21 0
128 21 0
127 21 0
130 21 1
129 21 0
133 21 0
131 21 0
134 21 0
132 21 1
135 21 1
137 21 0
136 21 1
141 21 1
138 21 0
140 21 1
139 21 0
142 21 1
143 21 0
144 21 0
145 21 0
146 21 0
147 21 0
150 21 0
152 21 0
153 21 0
151 21 1
148 21 0
149 21 1
155 21 0
154 21 1
159 21 0
158 21 1
157 21 1
156 21 0
120 22 1
121 22 1
126 22 1
122 22 1
123 22 1
124 22 1
125 22 1
130 22 1
128 22 1
129 22 1
127 22 1
134 22 1
133 22 0
131 22 0
132 22 1
136 22 1
135 22 1
137 22 1
138 22 0
141 22 1
139 22 1
143 22 0
142 22 1
140 22 0
144 22 0
147 22 1
146 22 1
145 22 0
152 22 1
149 22 1
148 22 0
150 22 1
151 22 1
153 22 0
154 22 1
155 22 0
156 22 0
158 22 1
157 22 1
159 22 1
121 24 1
120 24 1
123 24 1
126 24 1
125 24 1
122 24 1
124 24 1
127 24 1
130 24 1
129 24 1
128 24 1
133 24 0
132 24 1
131 24 1
134 24 1
136 24 1
137 24 1
135 24 1
139 24 1
143 24 0
138 24 0
142 24 1
140 24 1
141 24 0
144 24 0
146 24 1
145 24 0
147 24 1
148 24 1
152 24 1
153 24 0
151 24 1
150 24 1
149 24 1
155 24 1
154 24 1
158 24 1
156 24 0
159 24 1
157 24 1
120 48 0
121 48 1
126 48 1
122 48 1
123 48 1
124 48 1
125 48 1
130 48 1
128 48 1
129 48 1
127 48 1
134 48 1
133 48 0
131 48 0
132 48 1
136 48 1
135 48 1
137 48 1
138 48 0
141 48 1
139 48 1
143 48 0
142 48 1
140 48 1
144 48 0
147 48 1
146 48 1
145 48 0
152 48 1
149 48 1
148 48 1
150 48 1
151 48 1
153 48 0
154 48 1
155 48 0
156 48 0
158 48 1
157 48 1
159 48 1
121 27 1
120 27 1
125 27 1
124 27 1
123 27 0
126 27 1
122 27 0
128 27 0
127 27 0
130 27 1
129 27 1
133 27 0
131 27 0
134 27 1
132 27 1
135 27 1
137 27 1
136 27 1
141 27 1
138 27 0
140 27 1
139 27 0
142 27 1
143 27 0
144 27 0
145 27 0
146 27 1
147 27 1
150 27 0
152 27 0
153 27 0
151 27 1
148 27 1
149 27 1
155 27 0
154 27 1
159 27 1
158 27 1
157 27 1
156 27 0
121 31 1
120 31 1
125 31 0
124 31 0
123 31 1
126 31 1
122 31 0
128 31 0
127 31 0
130 31 0
129 31 0
133 31 0
131 31 0
134 31 0
132 31 0
135 31 1
137 31 0
136 31 1
141 31 1
138 31 0
140 31 1
139 31 0
142 31 1
143 31 0
144 31 0
145 31 0
146 31 0
147 31 0
150 31 0
152 31 0
153 31 0
151 31 0
148 31 0
149 31 1
155 31 0
154 31 1
159 31 1
158 31 0
157 31 1
156 31 0
121 30 1
120 30 0
125 30 1
124 30 1
123 30 0
126 30 1
122 30 1
128 30 0
127 30 0
130 30 0
129 30 0
133 30 0
131 30 0
134 30 1
132 30 1
135 30 1
137 30 0
136 30 1
141 30 1
138 30 0
140 30 1
139 30 1
142 30 0
143 30 0
144 30 0
145 30 0
146 30 1
147 30 1
150 30 1
152 30 1
153 30 0
151 30 1
148 30 0
149 30 0
155 30 0
154 30 0
159 30 1
158 30 1
157 30 0
156 30 0
121 28 1
120 28 0
125 28 0
124 28 0
123 28 1
126 28 0
122 28 1
128 28 0
127 28 0
130 28 0
129 28 1
133 28 0
131 28 0
134 28 1
132 28 0
135 28 0
137 28 0
136 28 0
141 28 0
138 28 0
140 28 0
139 28 1
142 28 0
143 28 0
144 28 0
145 28 0
146 28 1
147 28 0
150 28 1
152 28 0
153 28 0
151 28 1
148 28 0
149 28 0
155 28 0
154 28 1
159 28 0
158 28 0
157 28 0
156 28 0
120 29 1
121 29 1
126 29 1
122 29 1
123 29 1
124 29 1
125 29 1
130 29 1
128 29 1
129 29 1
127 29 1
134 29 1
133 29 0
131 29 0
132 29 1
136 29 1
135 29 1
137 29 1
138 29 0
141 29 1
139 29 1
143 29 0
142 29 1
140 29 1
144 29 0
147 29 1
146 29 1
145 29 0
152 29 1
149 29 1
148 29 1
150 29 1
151 29 1
153 29 0
154 29 1
155 29 0
156 29 0
158 29 1
157 29 1
159 29 1
121 45 1
120 45 0
125 45 1
124 45 0
123 45 1
126 45 1
122 45 1
128 45 1
127 45 0
130 45 1
129 45 1
133 45 0
131 45 0
134 45 1
132 45 1
135 45 1
137 45 1
136 45 0
141 45 1
138 45 0
140 45 1
139 45 1
142 45 1
143 45 0
144 45 0
145 45 0
146 45 1
147 45 1
150 45 1
152 45 1
153 45 0
151 45 0
148 45 0
149 45 1
155 45 0
154 45 1
159 45 1
158 45 1
157 45 1
156 45 0
121 34 1
120 34 1
125 34 1
124 34 0
123 34 1
126 34 1
122 34 0
128 34 0
127 34 0
130 34 1
129 34 1
133 34 0
131 34 0
134 34 1
132 34 0
135 34 1
137 34 1
136 34 1
141 34 1
138 34 0
140 34 1
139 34 0
142 34 1
143 34 0
144 34 0
145 34 0
146 34 1
147 34 1
150 34 0
152 34 0
153 34 0
151 34 1
148 34 1
149 34 1
155 34 0
154 34 1
159 34 1
158 34 1
157 34 1
156 34 0
121 32 0
120 32 0
123 32 1
126 32 1
125 32 0
122 32 0
124 32 0
127 32 0
130 32 0
129 32 0
128 32 0
133 32 0
132 32 0
131 32 0
134 32 0
136 32 1
137 32 0
135 32 1
139 32 0
143 32 0
138 32 0
142 32 1
140 32 1
141 32 1
144 32 0
146 32 0
145 32 0
147 32 0
148 32 0
152 32 0
153 32 0
151 32 1
150 32 0
149 32 1
155 32 0
154 32 1
158 32 1
156 32 0
159 32 0
157 32 1
121 36 1
120 36 0
125 36 1
124 36 0
123 36 0
126 36 0
122 36 0
128 36 0
127 36 1
130 36 0
129 36 0
133 36 0
131 36 0
134 36 1
132 36 0
135 36 0
137 36 0
136 36 0
141 36 0
138 36 0
140 36 0
139 36 0
142 36 0
143 36 0
144 36 0
145 36 0
146 36 1
147 36 0
150 36 0
152 36 1
153 36 0
151 36 0
148 36 1
149 36 0
155 36 0
154 36 0
159 36 1
158 36 0
157 36 0
156 36 0
121 33 1
120 33 0
125 33 0
124 33 0
123 33 1
126 33 0
122 33 1
128 33 0
127 33 0
130 33 0
129 33 1
133 33 0
131 33 0
134 33 0
132 33 0
135 33 1
137 33 0
136 33 0
141 33 0
138 33 0
140 33 0
139 33 0
142 33 1
143 33 0
144 33 0
145 33 0
146 33 1
147 33 0
150 33 1
152 33 1
153 33 0
151 33 0
148 33 0
149 33 0
155 33 0
154 33 1
159 33 1
158 33 1
157 33 0
156 33 0
121 35 1
120 35 1
125 35 0
124 35 0
123 35 0
126 35 1
122 35 1
128 35 1
127 35 1
130 35 1
129 35 1
133 35 0
131 35 0
134 35 1
132 35 0
135 35 1
137 35 1
136 35 1
141 35 1
138 35 0
140 35 1
139 35 1
142 35 1
143 35 0
144 35 0
145 35 0
146 35 1
147 35 1
150 35 1
152 35 1
153 35 0
151 35 1
148 35 0
149 35 1
155 35 0
154 35 1
159 35 1
158 35 1
157 35 1
156 35 0
121 46 1
120 46 1
125 46 0
124 46 0
123 46 0
126 46 0
122 46 1
128 46 1
127 46 1
130 46 0
129 46 0
133 46 0
131 46 0
134 46 1
132 46 0
135 46 1
137 46 1
136 46 1
141 46 1
138 46 0
140 46 0
139 46 1
142 46 0
143 46 0
144 46 0
145 46 0
146 46 1
147 46 0
150 46 0
152 46 0
153 46 0
151 46 0
148 46 1
149 46 0
155 46 0
154 46 0
159 46 0
158 46 0
157 46 0
156 46 0
121 37 1
120 37 1
125 37 1
124 37 1
123 37 1
126 37 1
122 37 1
128 37 1
127 37 1
130 37 1
129 37 1
133 37 0
131 37 1
134 37 1
132 37 1
135 37 1
137 37 1
136 37 1
141 37 1
138 37 0
140 37 1
139 37 1
142 37 1
143 37 0
144 37 0
145 37 0
146 37 1
147 37 1
150 37 1
152 37 1
153 37 0
151 37 1
148 37 1
149 37 1
155 37 1
154 37 1
159 37 1
158 37 1
157 37 1
156 37 0
160 0 0
161 0 0
162 0 1
163 0 1
164 0 1
165 0 0
166 0 0
167 0 0
168 0 0
169 0 0
170 0 0
171 0 0
172 0 0
173 0 0
174 0 0
175 0 0
176 0 1
177 0 1
178 0 0
179 0 0
180 0 0
181 0 1
182 0 0
183 0 0
184 0 1
185 0 0
186 0 0
187 0 0
188 0 1
189 0 0
190 0 1
191 0 0
192 0 0
193 0 0
194 0 0
195 0 0
196 0 0
197 0 1
198 0 0
199 0 0
160 1 1
161 1 1
162 1 0
163 1 0
164 1 1
165 1 0
166 1 0
167 1 0
168 1 1
169 1 0
170 1 0
171 1 0
172 1 1
173 1 0
174 1 1
175 1 1
176 1 1
177 1 1
178 1 0
179 1 0
180 1 1
181 1 0
182 1 1
183 1 1
184 1 0
185 1 0
186 1 1
187 1 0
188 1 1
189 1 0
190 1 0
191 1 0
192 1 1
193 1 0
194 1 0
195 1 0
196 1 1
197 1 0
198 1 1
199 1 1
160 2 0
161 2 1
162 2 1
163 2 1
164 2 1
165 2 0
166 2 1
167 2 1
168 2 0
169 2 1
170 2 0
171 2 0
172 2 1
173 2 1
174 2 1
175 2 1
176 2 1
177 2 1
178 2 1
179 2 0
180 2 1
181 2 1
182 2 0
183 2 0
184 2 1
185 2 1
186 2 1
187 2 0
188 2 1
189 2 0
190 2 1
191 2 0
192 2 0
193 2 0
194 2 1
195 2 1
196 2 1
197 2 1
198 2 1
199 2 0
160 50 1
161 50 1
162 50 1
163 50 1
164 50 1
165 50 0
166 50 1
167 50 1
168 50 1
169 50 1
170 50 0
171 50 1
172 50 1
173 50 1
174 50 1
175 50 1
176 50 1
177 50 1
178 50 1
179 50 1
180 50 1
181 50 1
182 50 1
183 50 0
184 50 1
185 50 1
186 50 1
187 50 1
188 50 1
189 50 0
190 50 1
191 50 0
192 50 1
193 50 0
194 50 1
195 50 1
196 50 1
197 50 1
198 50 1
199 50 1
160 6 1
161 6 1
162 6 0
163 6 0
164 6 1
165 6 0
166 6 1
167 6 1
168 6 1
169 6 0
170 6 0
171 6 1
172 6 1
173 6 0
174 6 1
175 6 1
176 6 1
177 6 1
178 6 0
179 6 0
180 6 1
181 6 0
182 6 1
183 6 0
184 6 1
185 6 1
186 6 0
187 6 1
188 6 1
189 6 0
190 6 0
191 6 0
192 6 1
193 6 0
194 6 0
195 6 1
196 6 1
197 6 0
198 6 1
199 6 1
160 42 1
161 42 1
162 42 0
163 42 0
164 42 1
165 42 0
166 42 0
167 42 0
168 42 1
169 42 0
170 42 0
171 42 1
172 42 1
173 42 1
174 42 1
175 42 1
176 42 1
177 42 1
178 42 0
179 42 1
180 42 1
181 42 0
182 42 1
183 42 1
184 42 0
185 42 1
186 42 1
187 42 0
188 42 1
189 42 0
190 42 0
191 42 0
192 42 1
193 42 0
194 42 0
195 42 0
196 42 1
197 42 0
198 42 0
199 42 1
160 9 1
162 9 1
161 9 1
166 9 1
165 9 0
163 9 1
164 9 1
169 9 1
168 9 1
170 9 0
167 9 1
171 9 1
172 9 1
173 9 1
174 9 1
177 9 1
175 9 1
176 9 1
180 9 1
178 9 1
179 9 1
181 9 1
186 9 1
184 9 1
183 9 1
182 9 1
185 9 1
190 9 1
187 9 1
188 9 1
189 9 0
191 9 0
193 9 0
194 9 1
192 9 1
195 9 1
196 9 1
197 9 1
198 9 1
199 9 1
160 4 1
161 4 1
162 4 1
163 4 1
164 4 1
165 4 0
166 4 1
167 4 1
168 4 1
169 4 0
170 4 0
171 4 1
172 4 1
173 4 0
174 4 0
175 4 1
176 4 1
177 4 1
178 4 1
179 4 0
180 4 1
181 4 1
182 4 1
183 4 0
184 4 1
185 4 1
186 4 1
187 4 1
188 4 1
189 4 0
190 4 1
191 4 0
192 4 1
193 4 0
194 4 1
195 4 1
196 4 1
197 4 1
198 4 1
199 4 0
160 10 1
161 10 1
162 10 1
163 10 1
164 10 1
165 10 0
166 10 1
167 10 1
168 10 1
169 10 1
170 10 0
171 10 1
172 10 1
173 10 1
174 10 1
175 10 1
176 10 1
177 10 1
178 10 1
179 10 1
180 10 1
181 10 1
182 10 1
183 10 1
184 10 1
185 10 1
186 10 1
187 10 1
188 10 1
189 10 0
190 10 1
191 10 0
192 10 1
193 10 0
194 10 1
195 10 1
196 10 1
197 10 1
198 10 1
199 10 1
160 5 1
161 5 1
162 5 1
163 5 1
164 5 1
165 5 0
166 5 0
167 5 1
168 5 1
169 5 1
170 5 0
171 5 0
172 5 1
173 5 1
174 5 1
175 5 1
176 5 1
177 5 1
178 5 1
179 5 1
180 5 1
181 5 1
182 5 1
183 5 0
184 5 1
185 5 1
186 5 1
187 5 1
188 5 1
189 5 0
190 5 1
191 5 0
192 5 1
193 5 0
194 5 1
195 5 1
196 5 1
197 5 1
198 5 1
199 5 0
160 40 1
161 40 1
162 40 1
163 40 1
164 40 1
165 40 0
166 40 1
167 40 1
168 40 1
169 40 1
170 40 0
171 40 1
172 40 1
173 40 1
174 40 1
175 40 1
176 40 1
177 40 1
178 40 1
179 40 0
180 40 0
181 40 1
182 40 1
183 40 0
184 40 1
185 40 1
186 40 1
187 40 0
188 40 1
189 40 0
190 40 1
191 40 0
192 40 1
193 40 0
194 40 1
195 40 1
196 40 1
197 40 1
198 40 1
199 40 1
160 41 1
161 41 1
162 41 0
163 41 0
164 41 1
165 41 0
166 41 1
167 41 1
168 41 1
169 41 0
170 41 0
171 41 1
172 41 1
173 41 1
174 41 1
175 41 1
176 41 1
177 41 1
178 41 0
179 41 0
180 41 1
181 41 0
182 41 1
183 41 1
184 41 1
185 41 1
186 41 1
187 41 0
188 41 1
189 41 0
190 41 0
191 41 0
192 41 1
193 41 0
194 41 1
195 41 1
196 41 1
197 41 0
198 41 1
199 41 1
160 14 1
161 14 1
162 14 1
163 14 0
164 14 1
165 14 0
166 14 1
167 14 1
168 14 1
169 14 1
170 14 0
171 14 1
172 14 1
173 14 1
174 14 1
175 14 1
176 14 1
177 14 1
178 14 1
179 14 1
180 14 1
181 14 1
182 14 1
183 14 0
184 14 1
185 14 0
186 14 1
187 14 0
188 14 1
189 14 0
190 14 1
191 14 0
192 14 1
193 14 0
194 14 1
195 14 1
196 14 1
197 14 1
198 14 1
199 14 1
160 7 1
161 7 1
162 7 0
163 7 0
164 7 1
165 7 0
166 7 0
167 7 0
168 7 1
169 7 0
170 7 0
171 7 1
172 7 1
173 7 0
174 7 1
175 7 1
176 7 1
177 7 1
178 7 0
179 7 0
180 7 1
181 7 0
182 7 1
183 7 1
184 7 0
185 7 1
186 7 0
187 7 1
188 7 1
189 7 0
190 7 0
191 7 0
192 7 1
193 7 0
194 7 0
195 7 0
196 7 1
197 7 0
198 7 1
199 7 1
160 13 1
161 13 1
162 13 1
163 13 1
164 13 1
165 13 0
166 13 1
167 13 1
168 13 1
169 13 1
170 13 0
171 13 1
172 13 1
173 13 1
174 13 1
175 13 1
176 13 1
177 13 1
178 13 1
179 13 1
180 13 1
181 13 1
182 13 1
183 13 1
184 13 1
185 13 1
186 13 1
187 13 1
188 13 1
189 13 0
190 13 1
191 13 0
192 13 0
193 13 0
194 13 1
195 13 1
196 13 1
197 13 1
198 13 1
199 13 1
160 11 1
161 11 1
162 11 1
163 11 1
164 11 1
165 11 0
166 11 1
167 11 1
168 11 1
169 11 1
170 11 0
171 11 1
172 11 1
173 11 1
174 11 1
175 11 1
176 11 1
177 11 1
178 11 1
179 11 0
180 11 1
181 11 1
182 11 0
183 11 0
184 11 0
185 11 1
186 11 1
187 11 0
188 11 1
189 11 0
190 11 0
191 11 0
192 11 1
193 11 0
194 11 0
195 11 1
196 11 1
197 11 0
198 11 1
199 11 0
160 21 1
161 21 1
162 21 0
163 21 0
164 21 1
165 21 0
166 21 0
167 21 0
168 21 1
169 21 0
170 21 0
171 21 1
172 21 1
173 21 0
174 21 0
175 21 0
176 21 1
177 21 1
178 21 0
179 21 0
180 21 1
181 21 0
182 21 1
183 21 1
184 21 1
185 21 1
186 21 1
187 21 0
188 21 0
189 21 0
190 21 0
191 21 0
192 21 1
193 21 0
194 21 0
195 21 0
196 21 1
197 21 0
198 21 1
199 21 0
160 15 0
162 15 0
161 15 1
166 15 0
165 15 0
163 15 0
164 15 1
169 15 0
168 15 1
170 15 0
167 15 0
171 15 0
172 15 1
173 15 0
174 15 0
177 15 1
175 15 0
176 15 1
180 15 1
178 15 0
179 15 0
181 15 0
186 15 0
184 15 0
183 15 0
182 15 1
185 15 1
190 15 0
187 15 0
188 15 1
189 15 0
191 15 0
193 15 0
194 15 0
192 15 0
195 15 0
196 15 1
197 15 0
198 15 1
199 15 1
160 8 1
161 8 1
162 8 0
163 8 1
164 8 1
165 8 0
166 8 0
167 8 1
168 8 1
169 8 0
170 8 0
171 8 0
172 8 1
173 8 0
174 8 0
175 8 0
176 8 1
177 8 1
178 8 0
179 8 0
180 8 0
181 8 1
182 8 0
183 8 0
184 8 1
185 8 0
186 8 0
187 8 0
188 8 1
189 8 0
190 8 0
191 8 0
192 8 1
193 8 0
194 8 0
195 8 1
196 8 1
197 8 1
198 8 1
199 8 0
160 12 1
161 12 1
162 12 1
163 12 1
164 12 1
165 12 0
166 12 1
167 12 1
168 12 1
169 12 1
170 12 0
171 12 1
172 12 1
173 12 1
174 12 1
175 12 1
176 12 1
177 12 1
178 12 1
179 12 0
180 12 1
181 12 1
182 12 1
183 12 0
184 12 1
185 12 1
186 12 0
187 12 0
188 12 1
189 12 0
190 12 1
191 12 0
192 12 1
193 12 0
194 12 1
195 12 1
196 12 1
197 12 1
198 12 1
199 12 1
160 44 1
161 44 1
162 44 1
163 44 1
164 44 1
165 44 0
166 44 1
167 44 1
168 44 1
169 44 1
170 44 0
171 44 1
172 44 1
173 44 1
174 44 1
175 44 1
176 44 1
177 44 1
178 44 1
179 44 1
180 44 1
181 44 1
182 44 1
183 44 1
184 44 1
185 44 1
186 44 1
187 44 1
188 44 1
189 44 0
190 44 1
191 44 0
192 44 1
193 44 0
194 44 1
195 44 1
196 44 1
197 44 1
198 44 1
199 44 1
160 16 0
162 16 0
161 16 0
166 16 0
165 16 0
163 16 0
164 16 0
169 16 1
168 16 0
170 16 0
167 16 0
171 16 0
172 16 1
173 16 0
174 16 0
177 16 0
175 16 0
176 16 0
180 16 1
178 16 1
179 16 0
181 16 0
186 16 0
184 16 1
183 16 0
182 16 0
185 16 0
190 16 1
187 16 0
188 16 0
189 16 0
191 16 0
193 16 0
194 16 0
192 16 0
195 16 0
196 16 0
197 16 1
198 16 0
199 16 0
160 23 1
161 23 1
162 23 0
163 23 0
164 23 1
165 23 0
166 23 1
167 23 1
168 23 1
169 23 0
170 23 0
171 23 1
172 23 1
173 23 1
174 23 1
175 23 1
176 23 1
177 23 1
178 23 0
179 23 1
180 23 1
181 23 0
182 23 1
183 23 1
184 23 1
185 23 1
186 23 1
187 23 1
188 23 1
189 23 0
190 23 0
191 23 0
192 23 1
193 23 0
194 23 0
195 23 1
196 23 1
197 23 0
198 23 1
199 23 1
160 19 1
161 19 1
162 19 0
163 19 0
164 19 1
165 19 0
166 19 0
167 19 1
168 19 1
169 19 0
170 19 0
171 19 1
172 19 1
173 19 0
174 19 1
175 19 1
176 19 1
177 19 1
178 19 0
179 19 1
180 19 1
181 19 0
182 19 1
183 19 1
184 19 0
185 19 1
186 19 1
187 19 1
188 19 1
189 19 0
190 19 0
191 19 0
192 19 1
193 19 0
194 19 0
195 19 0
196 19 1
197 19 0
198 19 1
199 19 0
160 17 0
162 17 0
161 17 0
166 17 0
165 17 0
163 17 0
164 17 1
169 17 0
168 17 0
170 17 0
167 17 0
171 17 0
172 17 0
173 17 0
174 17 0
177 17 1
175 17 0
176 17 0
180 17 1
178 17 0
179 17 0
181 17 0
186 17 0
184 17 0
183 17 0
182 17 0
185 17 0
190 17 0
187 17 0
188 17 0
189 17 0
191 17 0
193 17 0
194 17 0
192 17 0
195 17 0
196 17 0
197 17 0
198 17 0
199 17 0
160 52 1
161 52 1
162 52 0
163 52 0
164 52 0
165 52 0
166 52 0
167 52 0
168 52 0
169 52 0
170 52 0
171 52 1
172 52 1
173 52 1
174 52 1
175 52 0
176 52 1
177 52 1
178 52 0
179 52 0
180 52 1
181 52 0
182 52 1
183 52 0
184 52 1
185 52 1
186 52 1
187 52 1
188 52 1
189 52 0
190 52 0
191 52 0
192 52 1
193 52 0
194 52 0
195 52 0
196 52 1
197 52 0
198 52 1
199 52 1
160 22 1
162 22 1
161 22 1
166 22 1
165 22 0
163 22 0
164 22 1
169 22 0
168 22 0
170 22 0
167 22 1
171 22 0
172 22 1
173 22 0
174 22 1
177 22 1
175 22 1
176 22 1
180 22 1
178 22 1
179 22 1
181 22 1
186 22 1
184 22 1
183 22 0
182 22 0
185 22 0
190 22 1
187 22 0
188 22 1
189 22 0
191 22 0
193 22 0
194 22 0
192 22 0
195 22 1
196 22 1
197 22 1
198 22 1
199 22 0
160 27 1
161 27 1
162 27 0
163 27 0
164 27 1
165 27 0
166 27 1
167 27 1
168 27 1
169 27 0
170 27 0
171 27 1
172 27 1
173 27 1
174 27 1
175 27 1
176 27 1
177 27 1
178 27 0
179 27 1
180 27 1
181 27 0
182 27 1
183 27 1
184 27 1
185 27 1
186 27 1
187 27 1
188 27 1
189 27 0
190 27 0
191 27 0
192 27 1
193 27 0
194 27 1
195 27 1
196 27 1
197 27 0
198 27 1
199 27 1
160 20 1
161 20 1
162 20 0
163 20 0
164 20 1
165 20 0
166 20 0
167 20 0
168 20 0
169 20 0
170 20 0
171 20 0
172 20 1
173 20 0
174 20 0
175 20 0
176 20 0
177 20 1
178 20 1
179 20 0
180 20 1
181 20 0
182 20 1
183 20 0
184 20 0
185 20 1
186 20 0
187 20 1
188 20 1
189 20 0
190 20 0
191 20 0
192 20 1
193 20 0
194 20 0
195 20 0
196 20 1
197 20 0
198 20 0
199 20 0
160 24 1
161 24 1
162 24 1
163 24 1
164 24 1
165 24 0
166 24 1
167 24 1
168 24 1
169 24 1
170 24 0
171 24 1
172 24 1
173 24 1
174 24 1
175 24 1
176 24 1
177 24 1
178 24 1
179 24 1
180 24 1
181 24 0
182 24 1
183 24 1
184 24 0
185 24 1
186 24 1
187 24 1
188 24 1
189 24 0
190 24 1
191 24 1
192 24 1
193 24 0
194 24 1
195 24 1
196 24 1
197 24 1
198 24 1
199 24 1
160 25 1
161 25 1
162 25 1
163 25 1
164 25 1
165 25 0
166 25 1
167 25 1
168 25 0
169 25 1
170 25 0
171 25 0
172 25 1
173 25 1
174 25 1
175 25 1
176 25 1
177 25 1
178 25 1
179 25 1
180 25 1
181 25 1
182 25 0
183 25 0
184 25 1
185 25 1
186 25 1
187 25 0
188 25 1
189 25 0
190 25 1
191 25 0
192 25 0
193 25 0
194 25 1
195 25 0
196 25 0
197 25 1
198 25 1
199 25 1
160 26 1
161 26 1
162 26 1
163 26 1
164 26 1
165 26 0
166 26 1
167 26 1
168 26 1
169 26 1
170 26 0
171 26 1
172 26 1
173 26 1
174 26 1
175 26 1
176 26 1
177 26 1
178 26 1
179 26 1
180 26 1
181 26 1
182 26 1
183 26 1
184 26 1
185 26 1
186 26 1
187 26 1
188 26 1
189 26 0
190 26 1
191 26 0
192 26 1
193 26 0
194 26 1
195 26 1
196 26 1
197 26 1
198 26 1
199 26 1
160 45 1
162 45 1
161 45 1
166 45 1
165 45 0
163 45 1
164 45 0
169 45 1
168 45 1
170 45 0
167 45 1
171 45 1
172 45 1
173 45 1
174 45 1
177 45 1
175 45 1
176 45 1
180 45 1
178 45 1
179 45 1
181 45 1
186 45 1
184 45 1
183 45 1
182 45 1
185 45 1
190 45 1
187 45 1
188 45 1
189 45 0
191 45 0
193 45 0
194 45 1
192 45 1
195 45 1
196 45 1
197 45 1
198 45 1
199 45 1
160 29 1
162 29 1
161 29 1
166 29 1
165 29 0
163 29 1
164 29 1
169 29 1
168 29 1
170 29 0
167 29 1
171 29 1
172 29 1
173 29 1
174 29 1
177 29 1
175 29 1
176 29 1
180 29 1
178 29 1
179 29 0
181 29 1
186 29 1
184 29 1
183 29 1
182 29 0
185 29 1
190 29 1
187 29 0
188 29 1
189 29 0
191 29 0
193 29 0
194 29 1
192 29 1
195 29 1
196 29 1
197 29 1
198 29 1
199 29 0
160 30 1
161 30 0
162 30 1
163 30 1
164 30 0
165 30 0
166 30 1
167 30 1
168 30 0
169 30 0
170 30 0
171 30 0
172 30 0
173 30 1
174 30 0
175 30 1
176 30 1
177 30 1
178 30 1
179 30 0
180 30 0
181 30 1
182 30 0
183 30 0
184 30 1
185 30 0
186 30 1
187 30 0
188 30 1
189 30 0
190 30 1
191 30 0
192 30 0
193 30 0
194 30 1
195 30 1
196 30 1
197 30 1
198 30 1
199 30 0
160 28 0
161 28 1
162 28 0
163 28 0
164 28 1
165 28 0
166 28 0
167 28 0
168 28 0
169 28 0
170 28 0
171 28 0
172 28 0
173 28 0
174 28 0
175 28 0
176 28 1
177 28 0
178 28 0
179 28 0
180 28 0
181 28 0
182 28 0
183 28 0
184 28 0
185 28 0
186 28 0
187 28 0
188 28 0
189 28 0
190 28 1
191 28 0
192 28 0
193 28 0
194 28 0
195 28 0
196 28 0
197 28 0
198 28 0
199 28 0
160 32 1
161 32 1
162 32 0
163 32 0
164 32 1
165 32 0
166 32 0
167 32 0
168 32 1
169 32 0
170 32 0
171 32 1
172 32 1
173 32 0
174 32 1
175 32 1
176 32 1
177 32 1
178 32 0
179 32 0
180 32 1
181 32 0
182 32 1
183 32 1
184 32 0
185 32 1
186 32 0
187 32 0
188 32 1
189 32 0
190 32 0
191 32 0
192 32 0
193 32 0
194 32 0
195 32 0
196 32 1
197 32 0
198 32 1
199 32 1
160 34 1
161 34 1
162 34 0
163 34 0
164 34 1
165 34 0
166 34 1
167 34 1
168 34 1
169 34 0
170 34 0
171 34 1
172 34 1
173 34 1
174 34 1
175 34 1
176 34 1
177 34 1
178 34 0
179 34 1
180 34 1
181 34 0
182 34 1
183 34 0
184 34 1
185 34 1
186 34 1
187 34 0
188 34 1
189 34 0
190 34 0
191 34 0
192 34 1
193 34 0
194 34 0
195 34 1
196 34 1
197 34 0
198 34 1
199 34 1
160 35 1
161 35 1
162 35 1
163 35 1
164 35 1
165 35 0
166 35 1
167 35 1
168 35 1
169 35 1
170 35 0
171 35 1
172 35 1
173 35 0
174 35 1
175 35 1
176 35 1
177 35 1
178 35 1
179 35 1
180 35 1
181 35 1
182 35 1
183 35 0
184 35 1
185 35 1
186 35 0
187 35 0
188 35 1
189 35 0
190 35 1
191 35 0
192 35 0
193 35 0
194 35 1
195 35 1
196 35 1
197 35 1
198 35 1
199 35 0
160 46 1
162 46 1
161 46 0
166 46 1
165 46 0
163 46 0
164 46 1
169 46 0
168 46 1
170 46 0
167 46 1
171 46 1
172 46 0
173 46 1
174 46 1
177 46 1
175 46 0
176 46 0
180 46 1
178 46 1
179 46 1
181 46 1
186 46 0
184 46 1
183 46 0
182 46 1
185 46 0
190 46 1
187 46 0
188 46 1
189 46 0
191 46 0
193 46 0
194 46 1
192 46 1
195 46 0
196 46 1
197 46 0
198 46 0
199 46 1
200 0 1
201 0 0
202 0 0
203 0 1
204 0 1
205 0 0
206 0 1
207 0 1
208 0 1
209 0 0
210 0 0
211 0 0
212 0 1
213 0 0
214 0 0
215 0 1
216 0 0
217 0 0
218 0 0
219 0 0
220 0 0
221 0 0
222 0 0
223 0 0
224 0 0
225 0 0
226 0 1
227 0 1
228 0 0
229 0 0
230 0 1
231 0 0
232 0 1
233 0 1
234 0 1
235 0 1
236 0 0
237 0 1
238 0 0
239 0 0
200 4 1
201 4 1
202 4 1
203 4 1
204 4 1
205 4 1
206 4 1
207 4 1
208 4 1
209 4 1
210 4 1
211 4 1
212 4 1
213 4 0
214 4 0
215 4 1
216 4 1
217 4 1
218 4 1
219 4 1
220 4 1
221 4 0
222 4 1
223 4 0
224 4 0
225 4 1
226 4 1
227 4 1
228 4 1
229 4 0
230 4 1
231 4 0
232 4 1
233 4 1
234 4 1
235 4 1
236 4 0
237 4 1
238 4 1
239 4 1
200 1 1
201 1 1
202 1 1
203 1 0
204 1 1
205 1 1
206 1 1
207 1 0
208 1 0
209 1 0
210 1 1
211 1 0
212 1 0
213 1 1
214 1 0
215 1 1
216 1 0
217 1 0
218 1 0
219 1 1
220 1 0
221 1 0
222 1 1
223 1 0
224 1 0
225 1 0
226 1 0
227 1 0
228 1 0
229 1 0
230 1 0
231 1 0
232 1 0
233 1 1
234 1 0
235 1 0
236 1 0
237 1 0
238 1 0
239 1 1
201 5 1
202 5 1
200 5 1
204 5 1
203 5 1
206 5 1
210 5 1
205 5 1
207 5 0
209 5 1
208 5 1
212 5 1
213 5 0
211 5 1
214 5 0
215 5 1
217 5 1
216 5 1
219 5 1
218 5 0
220 5 1
222 5 1
221 5 0
224 5 0
223 5 1
225 5 1
227 5 1
230 5 1
229 5 0
226 5 1
228 5 1
233 5 1
231 5 0
235 5 1
234 5 1
232 5 1
238 5 1
237 5 1
239 5 1
236 5 0
200 3 1
201 3 1
202 3 1
203 3 1
204 3 1
205 3 1
206 3 1
207 3 0
208 3 0
209 3 1
210 3 1
211 3 1
212 3 1
213 3 1
214 3 0
215 3 1
216 3 0
217 3 1
218 3 0
219 3 1
220 3 1
221 3 0
222 3 1
223 3 0
224 3 0
225 3 0
226 3 1
227 3 1
228 3 0
229 3 0
230 3 1
231 3 0
232 3 0
233 3 1
234 3 0
235 3 1
236 3 0
237 3 1
238 3 1
239 3 1
201 6 1
202 6 1
200 6 1
204 6 1
203 6 1
206 6 1
210 6 1
205 6 1
207 6 0
209 6 0
208 6 0
212 6 1
213 6 1
211 6 0
214 6 0
215 6 1
217 6 1
216 6 0
219 6 1
218 6 0
220 6 1
222 6 1
221 6 0
224 6 0
223 6 0
225 6 0
227 6 1
230 6 1
229 6 0
226 6 1
228 6 0
233 6 1
231 6 0
235 6 0
234 6 0
232 6 0
238 6 1
237 6 0
239 6 1
236 6 0
201 12 1
202 12 1
200 12 1
204 12 1
203 12 1
206 12 1
210 12 1
205 12 1
207 12 1
209 12 1
208 12 1
212 12 1
213 12 1
211 12 1
214 12 0
215 12 1
217 12 1
216 12 1
219 12 1
218 12 0
220 12 0
222 12 1
221 12 0
224 12 0
223 12 1
225 12 1
227 12 1
230 12 1
229 12 1
226 12 1
228 12 1
233 12 1
231 12 0
235 12 1
234 12 1
232 12 1
238 12 1
237 12 1
239 12 1
236 12 0
200 40 1
201 40 1
202 40 0
203 40 1
204 40 1
205 40 1
206 40 1
207 40 1
208 40 1
209 40 1
210 40 1
211 40 1
212 40 1
213 40 1
214 40 0
215 40 1
216 40 1
217 40 1
218 40 1
219 40 1
220 40 1
221 40 0
222 40 1
223 40 1
224 40 0
225 40 1
226 40 1
227 40 1
228 40 1
229 40 0
230 40 1
231 40 0
232 40 1
233 40 1
234 40 1
235 40 1
236 40 0
237 40 1
238 40 1
239 40 1
201 9 1
202 9 1
200 9 1
204 9 1
203 9 1
206 9 1
210 9 1
205 9 1
207 9 1
209 9 1
208 9 1
212 9 1
213 9 1
211 9 1
214 9 0
215 9 1
217 9 1
216 9 1
219 9 1
218 9 1
220 9 1
222 9 1
221 9 0
224 9 1
223 9 1
225 9 1
227 9 1
230 9 1
229 9 1
226 9 1
228 9 1
233 9 1
231 9 0
235 9 1
234 9 1
232 9 1
238 9 1
237 9 1
239 9 1
236 9 0
200 11 1
201 11 0
202 11 1
203 11 1
204 11 1
205 11 1
206 11 1
207 11 1
208 11 1
209 11 1
210 11 1
211 11 1
212 11 1
213 11 0
214 11 0
215 11 1
216 11 1
217 11 1
218 11 1
219 11 1
220 11 0
221 11 0
222 11 1
223 11 0
224 11 0
225 11 1
226 11 1
227 11 1
228 11 0
229 11 0
230 11 1
231 11 0
232 11 1
233 11 1
234 11 1
235 11 1
236 11 0
237 11 1
238 11 0
239 11 1
200 8 1
201 8 1
202 8 1
203 8 1
204 8 0
205 8 1
206 8 1
207 8 0
208 8 1
209 8 1
210 8 1
211 8 1
212 8 1
213 8 0
214 8 0
215 8 1
216 8 0
217 8 0
218 8 0
219 8 0
220 8 1
221 8 0
222 8 1
223 8 0
224 8 0
225 8 1
226 8 0
227 8 1
228 8 1
229 8 0
230 8 1
231 8 0
232 8 0
233 8 0
234 8 0
235 8 1
236 8 0
237 8 1
238 8 0
239 8 1
200 42 1
201 42 1
202 42 1
203 42 0
204 42 1
205 42 1
206 42 1
207 42 0
208 42 0
209 42 0
210 42 1
211 42 0
212 42 1
213 42 1
214 42 0
215 42 1
216 42 0
217 42 0
218 42 0
219 42 1
220 42 1
221 42 0
222 42 1
223 42 0
224 42 0
225 42 0
226 42 0
227 42 0
228 42 0
229 42 0
230 42 1
231 42 0
232 42 0
233 42 1
234 42 0
235 42 0
236 42 0
237 42 0
238 42 1
239 42 1
201 17 0
202 17 0
200 17 0
204 17 0
203 17 0
206 17 0
210 17 0
205 17 0
207 17 0
209 17 0
208 17 0
212 17 1
213 17 0
211 17 0
214 17 0
215 17 0
217 17 0
216 17 0
219 17 1
218 17 0
220 17 0
222 17 1
221 17 0
224 17 0
223 17 0
225 17 0
227 17 0
230 17 0
229 17 0
226 17 0
228 17 0
233 17 0
231 17 0
235 17 0
234 17 0
232 17 0
238 17 0
237 17 0
239 17 0
236 17 0
200 15 1
201 15 1
202 15 1
203 15 0
204 15 0
205 15 1
206 15 1
207 15 0
208 15 0
209 15 0
210 15 0
211 15 0
212 15 1
213 15 1
214 15 0
215 15 1
216 15 0
217 15 0
218 15 0
219 15 1
220 15 0
221 15 0
222 15 1
223 15 0
224 15 0
225 15 0
226 15 0
227 15 0
228 15 0
229 15 0
230 15 0
231 15 0
232 15 0
233 15 1
234 15 0
235 15 0
236 15 0
237 15 0
238 15 0
239 15 0
200 21 1
201 21 1
202 21 1
203 21 0
204 21 1
205 21 0
206 21 1
207 21 0
208 21 0
209 21 1
210 21 0
211 21 0
212 21 1
213 21 0
214 21 0
215 21 1
216 21 0
217 21 0
218 21 0
219 21 1
220 21 0
221 21 0
222 21 1
223 21 0
224 21 0
225 21 0
226 21 0
227 21 0
228 21 0
229 21 0
230 21 1
231 21 0
232 21 0
233 21 1
234 21 0
235 21 0
236 21 0
237 21 0
238 21 0
239 21 0
200 14 1
201 14 1
202 14 1
203 14 1
204 14 1
205 14 1
206 14 1
207 14 1
208 14 1
209 14 1
210 14 1
211 14 1
212 14 1
213 14 0
214 14 0
215 14 1
216 14 0
217 14 1
218 14 0
219 14 1
220 14 1
221 14 0
222 14 1
223 14 0
224 14 0
225 14 1
226 14 1
227 14 1
228 14 1
229 14 0
230 14 1
231 14 0
232 14 1
233 14 1
234 14 1
235 14 1
236 14 0
237 14 1
238 14 1
239 14 1
200 7 1
201 7 1
202 7 1
203 7 1
204 7 1
205 7 1
206 7 1
207 7 0
208 7 0
209 7 0
210 7 1
211 7 0
212 7 1
213 7 1
214 7 0
215 7 1
216 7 0
217 7 0
218 7 0
219 7 1
220 7 0
221 7 0
222 7 1
223 7 0
224 7 0
225 7 0
226 7 0
227 7 0
228 7 0
229 7 0
230 7 1
231 7 0
232 7 0
233 7 1
234 7 0
235 7 0
236 7 0
237 7 0
238 7 1
239 7 1
201 10 1
202 10 1
200 10 1
204 10 1
203 10 1
206 10 1
210 10 1
205 10 1
207 10 0
209 10 1
208 10 1
212 10 1
213 10 1
211 10 1
214 10 0
215 10 1
217 10 1
216 10 0
219 10 1
218 10 0
220 10 1
222 10 1
221 10 0
224 10 0
223 10 0
225 10 0
227 10 1
230 10 1
229 10 1
226 10 1
228 10 0
233 10 1
231 10 0
235 10 1
234 10 1
232 10 0
238 10 1
237 10 1
239 10 1
236 10 0
200 13 1
201 13 1
202 13 1
203 13 1
204 13 1
205 13 1
206 13 1
207 13 1
208 13 1
209 13 1
210 13 1
211 13 1
212 13 1
213 13 1
214 13 0
215 13 1
216 13 0
217 13 1
218 13 1
219 13 1
220 13 1
221 13 0
222 13 1
223 13 1
224 13 0
225 13 1
226 13 1
227 13 1
228 13 1
229 13 1
230 13 1
231 13 0
232 13 1
233 13 1
234 13 1
235 13 1
236 13 0
237 13 1
238 13 1
239 13 1
200 16 0
201 16 1
202 16 0
203 16 0
204 16 0
205 16 0
206 16 0
207 16 1
208 16 0
209 16 0
210 16 0
211 16 0
212 16 1
213 16 0
214 16 0
215 16 0
216 16 0
217 16 0
218 16 0
219 16 0
220 16 0
221 16 0
222 16 0
223 16 0
224 16 0
225 16 0
226 16 0
227 16 0
228 16 0
229 16 0
230 16 1
231 16 0
232 16 0
233 16 0
234 16 1
235 16 0
236 16 0
237 16 0
238 16 0
239 16 0
200 19 1
201 19 1
202 19 1
203 19 0
204 19 1
205 19 1
206 19 1
207 19 0
208 19 0
209 19 0
210 19 1
211 19 0
212 19 1
213 19 1
214 19 0
215 19 1
216 19 0
217 19 1
218 19 0
219 19 1
220 19 1
221 19 0
222 19 1
223 19 0
224 19 0
225 19 0
226 19 0
227 19 0
228 19 0
229 19 0
230 19 0
231 19 0
232 19 0
233 19 1
234 19 0
235 19 0
236 19 0
237 19 0
238 19 1
239 19 1
200 23 1
201 23 1
202 23 1
203 23 1
204 23 1
205 23 1
206 23 1
207 23 0
208 23 0
209 23 1
210 23 1
211 23 1
212 23 1
213 23 1
214 23 0
215 23 1
216 23 0
217 23 1
218 23 1
219 23 1
220 23 1
221 23 0
222 23 1
223 23 0
224 23 0
225 23 0
226 23 1
227 23 1
228 23 0
229 23 1
230 23 1
231 23 0
232 23 0
233 23 1
234 23 1
235 23 1
236 23 0
237 23 1
238 23 1
239 23 1
201 24 1
202 24 1
200 24 1
204 24 1
203 24 1
206 24 1
210 24 0
205 24 1
207 24 1
209 24 1
208 24 1
212 24 1
213 24 1
211 24 1
214 24 0
215 24 1
217 24 1
216 24 1
219 24 1
218 24 1
220 24 1
222 24 1
221 24 0
224 24 1
223 24 1
225 24 1
227 24 1
230 24 1
229 24 1
226 24 1
228 24 1
233 24 1
231 24 0
235 24 1
234 24 1
232 24 1
238 24 1
237 24 0
239 24 1
236 24 0
201 48 0
202 48 1
200 48 1
203 48 1
204 48 1
206 48 1
207 48 1
210 48 1
205 48 1
209 48 1
208 48 1
213 48 0
212 48 1
211 48 1
214 48 0
215 48 1
217 48 1
218 48 0
220 48 1
219 48 1
216 48 1
222 48 1
221 48 0
223 48 1
224 48 0
225 48 1
229 48 1
226 48 1
228 48 1
227 48 0
230 48 1
235 48 1
233 48 1
231 48 0
234 48 1
232 48 0
239 48 1
237 48 1
236 48 0
238 48 1
200 20 1
201 20 1
202 20 1
203 20 0
204 20 1
205 20 0
206 20 1
207 20 0
208 20 0
209 20 0
210 20 1
211 20 0
212 20 1
213 20 1
214 20 0
215 20 1
216 20 0
217 20 0
218 20 0
219 20 1
220 20 0
221 20 0
222 20 1
223 20 0
224 20 0
225 20 1
226 20 0
227 20 0
228 20 0
229 20 0
230 20 0
231 20 0
232 20 0
233 20 1
234 20 0
235 20 0
236 20 0
237 20 0
238 20 0
239 20 0
200 22 1
201 22 1
202 22 1
203 22 1
204 22 1
205 22 1
206 22 1
207 22 1
208 22 1
209 22 1
210 22 1
211 22 1
212 22 1
213 22 0
214 22 0
215 22 1
216 22 1
217 22 1
218 22 1
219 22 1
220 22 1
221 22 0
222 22 1
223 22 0
224 22 1
225 22 1
226 22 1
227 22 1
228 22 1
229 22 1
230 22 1
231 22 0
232 22 1
233 22 1
234 22 1
235 22 1
236 22 0
237 22 1
238 22 0
239 22 1
201 27 1
202 27 1
200 27 0
204 27 1
203 27 1
206 27 1
210 27 1
205 27 1
207 27 0
209 27 1
208 27 0
212 27 1
213 27 1
211 27 1
214 27 0
215 27 1
217 27 1
216 27 0
219 27 1
218 27 0
220 27 1
222 27 1
221 27 0
224 27 0
223 27 0
225 27 0
227 27 1
230 27 1
229 27 0
226 27 1
228 27 0
233 27 1
231 27 0
235 27 1
234 27 1
232 27 0
238 27 1
237 27 1
239 27 1
236 27 0
200 25 1
201 25 1
202 25 0
203 25 1
204 25 1
205 25 1
206 25 1
207 25 1
208 25 1
209 25 1
210 25 1
211 25 0
212 25 1
213 25 0
214 25 0
215 25 1
216 25 0
217 25 1
218 25 0
219 25 1
220 25 1
221 25 0
222 25 1
223 25 0
224 25 0
225 25 1
226 25 1
227 25 1
228 25 1
229 25 0
230 25 1
231 25 0
232 25 1
233 25 1
234 25 1
235 25 1
236 25 0
237 25 1
238 25 1
239 25 1
200 18 1
201 18 1
202 18 1
203 18 1
204 18 1
205 18 1
206 18 1
207 18 1
208 18 1
209 18 1
210 18 1
211 18 0
212 18 1
213 18 0
214 18 0
215 18 1
216 18 0
217 18 1
218 18 1
219 18 1
220 18 1
221 18 0
222 18 1
223 18 1
224 18 0
225 18 1
226 18 1
227 18 1
228 18 1
229 18 1
230 18 1
231 18 0
232 18 1
233 18 1
234 18 1
235 18 1
236 18 0
237 18 1
238 18 1
239 18 1
200 26 1
201 26 1
202 26 1
203 26 1
204 26 1
205 26 1
206 26 1
207 26 1
208 26 1
209 26 1
210 26 1
211 26 1
212 26 1
213 26 1
214 26 0
215 26 1
216 26 1
217 26 1
218 26 1
219 26 1
220 26 1
221 26 0
222 26 1
223 26 1
224 26 0
225 26 1
226 26 1
227 26 1
228 26 1
229 26 1
230 26 1
231 26 0
232 26 1
233 26 1
234 26 1
235 26 1
236 26 0
237 26 1
238 26 1
239 26 1
200 29 1
201 29 1
202 29 1
203 29 1
204 29 1
205 29 1
206 29 1
207 29 1
208 29 0
209 29 1
210 29 1
211 29 0
212 29 1
213 29 0
214 29 0
215 29 1
216 29 1
217 29 1
218 29 0
219 29 1
220 29 1
221 29 0
222 29 1
223 29 0
224 29 0
225 29 1
226 29 1
227 29 1
228 29 1
229 29 0
230 29 1
231 29 0
232 29 1
233 29 1
234 29 1
235 29 1
236 29 0
237 29 1
238 29 1
239 29 1
200 30 0
201 30 0
202 30 1
203 30 1
204 30 1
205 30 1
206 30 0
207 30 1
208 30 1
209 30 1
210 30 1
211 30 1
212 30 0
213 30 0
214 30 0
215 30 1
216 30 0
217 30 0
218 30 0
219 30 0
220 30 0
221 30 0
222 30 0
223 30 0
224 30 0
225 30 1
226 30 1
227 30 1
228 30 1
229 30 0
230 30 1
231 30 0
232 30 1
233 30 0
234 30 1
235 30 1
236 30 0
237 30 1
238 30 0
239 30 1
200 28 0
201 28 0
202 28 1
203 28 0
204 28 0
205 28 0
206 28 0
207 28 0
208 28 0
209 28 1
210 28 1
211 28 0
212 28 0
213 28 0
214 28 0
215 28 1
216 28 0
217 28 0
218 28 0
219 28 0
220 28 0
221 28 0
222 28 0
223 28 0
224 28 0
225 28 0
226 28 0
227 28 0
228 28 0
229 28 0
230 28 0
231 28 0
232 28 0
233 28 1
234 28 0
235 28 0
236 28 0
237 28 0
238 28 0
239 28 0
201 34 1
202 34 1
200 34 1
203 34 1
204 34 1
206 34 1
207 34 0
210 34 1
205 34 1
209 34 0
208 34 0
213 34 1
212 34 1
211 34 0
214 34 0
215 34 1
217 34 1
218 34 0
220 34 0
219 34 1
216 34 0
222 34 1
221 34 0
223 34 0
224 34 0
225 34 0
229 34 0
226 34 0
228 34 0
227 34 1
230 34 1
235 34 0
233 34 1
231 34 0
234 34 1
232 34 0
239 34 1
237 34 0
236 34 0
238 34 1
200 32 1
201 32 1
202 32 1
203 32 0
204 32 1
205 32 1
206 32 1
207 32 0
208 32 0
209 32 0
210 32 1
211 32 0
212 32 1
213 32 1
214 32 0
215 32 1
216 32 0
217 32 0
218 32 0
219 32 1
220 32 0
221 32 0
222 32 1
223 32 0
224 32 0
225 32 0
226 32 0
227 32 0
228 32 0
229 32 0
230 32 1
231 32 0
232 32 0
233 32 1
234 32 0
235 32 0
236 32 0
237 32 0
238 32 0
239 32 1
201 45 1
202 45 1
200 45 0
204 45 1
203 45 1
206 45 1
210 45 1
205 45 1
207 45 1
209 45 0
208 45 1
212 45 1
213 45 1
211 45 0
214 45 0
215 45 1
217 45 1
216 45 1
219 45 1
218 45 0
220 45 1
222 45 0
221 45 0
224 45 0
223 45 1
225 45 1
227 45 1
230 45 1
229 45 1
226 45 1
228 45 1
233 45 1
231 45 0
235 45 1
234 45 1
232 45 1
238 45 1
237 45 1
239 45 1
236 45 0
201 31 1
202 31 1
200 31 1
203 31 1
204 31 1
206 31 1
207 31 0
210 31 1
205 31 1
209 31 0
208 31 0
213 31 0
212 31 1
211 31 0
214 31 0
215 31 1
217 31 1
218 31 0
220 31 0
219 31 1
216 31 0
222 31 0
221 31 0
223 31 0
224 31 0
225 31 0
229 31 0
226 31 0
228 31 0
227 31 0
230 31 1
235 31 1
233 31 1
231 31 0
234 31 1
232 31 0
239 31 1
237 31 0
236 31 0
238 31 1
200 35 0
201 35 1
202 35 1
203 35 1
204 35 1
205 35 1
206 35 1
207 35 1
208 35 1
209 35 0
210 35 1
211 35 0
212 35 1
213 35 1
214 35 0
215 35 1
216 35 0
217 35 0
218 35 0
219 35 1
220 35 1
221 35 0
222 35 1
223 35 1
224 35 0
225 35 1
226 35 1
227 35 1
228 35 1
229 35 1
230 35 1
231 35 0
232 35 1
233 35 1
234 35 1
235 35 1
236 35 0
237 35 1
238 35 1
239 35 1
200 33 0
201 33 1
202 33 1
203 33 0
204 33 1
205 33 0
206 33 0
207 33 0
208 33 1
209 33 0
210 33 0
211 33 0
212 33 1
213 33 0
214 33 0
215 33 0
216 33 0
217 33 0
218 33 0
219 33 1
220 33 1
221 33 0
222 33 1
223 33 0
224 33 0
225 33 1
226 33 0
227 33 0
228 33 0
229 33 0
230 33 1
231 33 0
232 33 0
233 33 1
234 33 0
235 33 0
236 33 0
237 33 0
238 33 0
239 33 0
202 38 1
201 38 1
200 38 1
204 38 1
203 38 1
210 38 1
205 38 1
206 38 1
208 38 0
207 38 0
209 38 1
211 38 0
212 38 1
213 38 1
215 38 0
214 38 0
220 38 0
217 38 1
216 38 0
218 38 0
219 38 1
221 38 0
222 38 1
223 38 0
224 38 0
228 38 0
226 38 0
227 38 1
230 38 1
225 38 0
229 38 1
233 38 1
234 38 0
235 38 1
231 38 0
232 38 0
238 38 1
236 38 0
237 38 0
239 38 1
